***** Found a solution!!!!! ***** 
Starting from this state:
	24	23	22	21	20
	19	18	17	16	15
	14	13	12	11	10
	9	8	7	6	5
	4	3	2	1	0
Step 1 leads to...
	24	23	22	21	20
	19	18	17	16	15
	14	13	12	11	10
	9	8	7	6	0
	4	3	2	1	5
Step 2 leads to...
	24	23	22	21	20
	19	18	17	16	15
	14	13	12	11	0
	9	8	7	6	10
	4	3	2	1	5
Step 3 leads to...
	24	23	22	21	20
	19	18	17	16	0
	14	13	12	11	15
	9	8	7	6	10
	4	3	2	1	5
Step 4 leads to...
	24	23	22	21	0
	19	18	17	16	20
	14	13	12	11	15
	9	8	7	6	10
	4	3	2	1	5
Step 5 leads to...
	24	23	22	0	21
	19	18	17	16	20
	14	13	12	11	15
	9	8	7	6	10
	4	3	2	1	5
Step 6 leads to...
	24	23	0	22	21
	19	18	17	16	20
	14	13	12	11	15
	9	8	7	6	10
	4	3	2	1	5
Step 7 leads to...
	24	0	23	22	21
	19	18	17	16	20
	14	13	12	11	15
	9	8	7	6	10
	4	3	2	1	5
Step 8 leads to...
	24	18	23	22	21
	19	0	17	16	20
	14	13	12	11	15
	9	8	7	6	10
	4	3	2	1	5
Step 9 leads to...
	24	18	23	22	21
	19	17	0	16	20
	14	13	12	11	15
	9	8	7	6	10
	4	3	2	1	5
Step 10 leads to...
	24	18	0	22	21
	19	17	23	16	20
	14	13	12	11	15
	9	8	7	6	10
	4	3	2	1	5
Step 11 leads to...
	24	0	18	22	21
	19	17	23	16	20
	14	13	12	11	15
	9	8	7	6	10
	4	3	2	1	5
Step 12 leads to...
	0	24	18	22	21
	19	17	23	16	20
	14	13	12	11	15
	9	8	7	6	10
	4	3	2	1	5
Step 13 leads to...
	19	24	18	22	21
	0	17	23	16	20
	14	13	12	11	15
	9	8	7	6	10
	4	3	2	1	5
Step 14 leads to...
	19	24	18	22	21
	14	17	23	16	20
	0	13	12	11	15
	9	8	7	6	10
	4	3	2	1	5
Step 15 leads to...
	19	24	18	22	21
	14	17	23	16	20
	9	13	12	11	15
	0	8	7	6	10
	4	3	2	1	5
Step 16 leads to...
	19	24	18	22	21
	14	17	23	16	20
	9	13	12	11	15
	4	8	7	6	10
	0	3	2	1	5
Step 17 leads to...
	19	24	18	22	21
	14	17	23	16	20
	9	13	12	11	15
	4	8	7	6	10
	3	0	2	1	5
Step 18 leads to...
	19	24	18	22	21
	14	17	23	16	20
	9	13	12	11	15
	4	8	7	6	10
	3	2	0	1	5
Step 19 leads to...
	19	24	18	22	21
	14	17	23	16	20
	9	13	12	11	15
	4	8	0	6	10
	3	2	7	1	5
Step 20 leads to...
	19	24	18	22	21
	14	17	23	16	20
	9	13	12	11	15
	4	0	8	6	10
	3	2	7	1	5
Step 21 leads to...
	19	24	18	22	21
	14	17	23	16	20
	9	13	12	11	15
	4	2	8	6	10
	3	0	7	1	5
Step 22 leads to...
	19	24	18	22	21
	14	17	23	16	20
	9	13	12	11	15
	4	2	8	6	10
	3	7	0	1	5
Step 23 leads to...
	19	24	18	22	21
	14	17	23	16	20
	9	13	12	11	15
	4	2	8	6	10
	3	7	1	0	5
Step 24 leads to...
	19	24	18	22	21
	14	17	23	16	20
	9	13	12	11	15
	4	2	8	0	10
	3	7	1	6	5
Step 25 leads to...
	19	24	18	22	21
	14	17	23	16	20
	9	13	12	0	15
	4	2	8	11	10
	3	7	1	6	5
Step 26 leads to...
	19	24	18	22	21
	14	17	23	0	20
	9	13	12	16	15
	4	2	8	11	10
	3	7	1	6	5
Step 27 leads to...
	19	24	18	0	21
	14	17	23	22	20
	9	13	12	16	15
	4	2	8	11	10
	3	7	1	6	5
Step 28 leads to...
	19	24	0	18	21
	14	17	23	22	20
	9	13	12	16	15
	4	2	8	11	10
	3	7	1	6	5
Step 29 leads to...
	19	0	24	18	21
	14	17	23	22	20
	9	13	12	16	15
	4	2	8	11	10
	3	7	1	6	5
Step 30 leads to...
	0	19	24	18	21
	14	17	23	22	20
	9	13	12	16	15
	4	2	8	11	10
	3	7	1	6	5
Step 31 leads to...
	14	19	24	18	21
	0	17	23	22	20
	9	13	12	16	15
	4	2	8	11	10
	3	7	1	6	5
Step 32 leads to...
	14	19	24	18	21
	9	17	23	22	20
	0	13	12	16	15
	4	2	8	11	10
	3	7	1	6	5
Step 33 leads to...
	14	19	24	18	21
	9	17	23	22	20
	4	13	12	16	15
	0	2	8	11	10
	3	7	1	6	5
Step 34 leads to...
	14	19	24	18	21
	9	17	23	22	20
	4	13	12	16	15
	3	2	8	11	10
	0	7	1	6	5
Step 35 leads to...
	14	19	24	18	21
	9	17	23	22	20
	4	13	12	16	15
	3	2	8	11	10
	7	0	1	6	5
Step 36 leads to...
	14	19	24	18	21
	9	17	23	22	20
	4	13	12	16	15
	3	2	8	11	10
	7	1	0	6	5
Step 37 leads to...
	14	19	24	18	21
	9	17	23	22	20
	4	13	12	16	15
	3	2	8	11	10
	7	1	6	0	5
Step 38 leads to...
	14	19	24	18	21
	9	17	23	22	20
	4	13	12	16	15
	3	2	8	0	10
	7	1	6	11	5
Step 39 leads to...
	14	19	24	18	21
	9	17	23	22	20
	4	13	12	0	15
	3	2	8	16	10
	7	1	6	11	5
Step 40 leads to...
	14	19	24	18	21
	9	17	23	0	20
	4	13	12	22	15
	3	2	8	16	10
	7	1	6	11	5
Step 41 leads to...
	14	19	24	0	21
	9	17	23	18	20
	4	13	12	22	15
	3	2	8	16	10
	7	1	6	11	5
Step 42 leads to...
	14	19	0	24	21
	9	17	23	18	20
	4	13	12	22	15
	3	2	8	16	10
	7	1	6	11	5
Step 43 leads to...
	14	0	19	24	21
	9	17	23	18	20
	4	13	12	22	15
	3	2	8	16	10
	7	1	6	11	5
Step 44 leads to...
	0	14	19	24	21
	9	17	23	18	20
	4	13	12	22	15
	3	2	8	16	10
	7	1	6	11	5
Step 45 leads to...
	9	14	19	24	21
	0	17	23	18	20
	4	13	12	22	15
	3	2	8	16	10
	7	1	6	11	5
Step 46 leads to...
	9	14	19	24	21
	4	17	23	18	20
	0	13	12	22	15
	3	2	8	16	10
	7	1	6	11	5
Step 47 leads to...
	9	14	19	24	21
	4	17	23	18	20
	3	13	12	22	15
	0	2	8	16	10
	7	1	6	11	5
Step 48 leads to...
	9	14	19	24	21
	4	17	23	18	20
	3	13	12	22	15
	7	2	8	16	10
	0	1	6	11	5
Step 49 leads to...
	9	14	19	24	21
	4	17	23	18	20
	3	13	12	22	15
	7	2	8	16	10
	1	0	6	11	5
Step 50 leads to...
	9	14	19	24	21
	4	17	23	18	20
	3	13	12	22	15
	7	2	8	16	10
	1	6	0	11	5
Step 51 leads to...
	9	14	19	24	21
	4	17	23	18	20
	3	13	12	22	15
	7	2	8	16	10
	1	6	11	0	5
Step 52 leads to...
	9	14	19	24	21
	4	17	23	18	20
	3	13	12	22	15
	7	2	8	0	10
	1	6	11	16	5
Step 53 leads to...
	9	14	19	24	21
	4	17	23	18	20
	3	13	12	0	15
	7	2	8	22	10
	1	6	11	16	5
Step 54 leads to...
	9	14	19	24	21
	4	17	23	0	20
	3	13	12	18	15
	7	2	8	22	10
	1	6	11	16	5
Step 55 leads to...
	9	14	19	0	21
	4	17	23	24	20
	3	13	12	18	15
	7	2	8	22	10
	1	6	11	16	5
Step 56 leads to...
	9	14	0	19	21
	4	17	23	24	20
	3	13	12	18	15
	7	2	8	22	10
	1	6	11	16	5
Step 57 leads to...
	9	0	14	19	21
	4	17	23	24	20
	3	13	12	18	15
	7	2	8	22	10
	1	6	11	16	5
Step 58 leads to...
	0	9	14	19	21
	4	17	23	24	20
	3	13	12	18	15
	7	2	8	22	10
	1	6	11	16	5
Step 59 leads to...
	4	9	14	19	21
	0	17	23	24	20
	3	13	12	18	15
	7	2	8	22	10
	1	6	11	16	5
Step 60 leads to...
	4	9	14	19	21
	3	17	23	24	20
	0	13	12	18	15
	7	2	8	22	10
	1	6	11	16	5
Step 61 leads to...
	4	9	14	19	21
	3	17	23	24	20
	7	13	12	18	15
	0	2	8	22	10
	1	6	11	16	5
Step 62 leads to...
	4	9	14	19	21
	3	17	23	24	20
	7	13	12	18	15
	1	2	8	22	10
	0	6	11	16	5
Step 63 leads to...
	4	9	14	19	21
	3	17	23	24	20
	7	13	12	18	15
	1	2	8	22	10
	6	0	11	16	5
Step 64 leads to...
	4	9	14	19	21
	3	17	23	24	20
	7	13	12	18	15
	1	2	8	22	10
	6	11	0	16	5
Step 65 leads to...
	4	9	14	19	21
	3	17	23	24	20
	7	13	12	18	15
	1	2	8	22	10
	6	11	16	0	5
Step 66 leads to...
	4	9	14	19	21
	3	17	23	24	20
	7	13	12	18	15
	1	2	8	0	10
	6	11	16	22	5
Step 67 leads to...
	4	9	14	19	21
	3	17	23	24	20
	7	13	12	0	15
	1	2	8	18	10
	6	11	16	22	5
Step 68 leads to...
	4	9	14	19	21
	3	17	23	0	20
	7	13	12	24	15
	1	2	8	18	10
	6	11	16	22	5
Step 69 leads to...
	4	9	14	0	21
	3	17	23	19	20
	7	13	12	24	15
	1	2	8	18	10
	6	11	16	22	5
Step 70 leads to...
	4	9	0	14	21
	3	17	23	19	20
	7	13	12	24	15
	1	2	8	18	10
	6	11	16	22	5
Step 71 leads to...
	4	0	9	14	21
	3	17	23	19	20
	7	13	12	24	15
	1	2	8	18	10
	6	11	16	22	5
Step 72 leads to...
	0	4	9	14	21
	3	17	23	19	20
	7	13	12	24	15
	1	2	8	18	10
	6	11	16	22	5
Step 73 leads to...
	3	4	9	14	21
	0	17	23	19	20
	7	13	12	24	15
	1	2	8	18	10
	6	11	16	22	5
Step 74 leads to...
	3	4	9	14	21
	7	17	23	19	20
	0	13	12	24	15
	1	2	8	18	10
	6	11	16	22	5
Step 75 leads to...
	3	4	9	14	21
	7	17	23	19	20
	1	13	12	24	15
	0	2	8	18	10
	6	11	16	22	5
Step 76 leads to...
	3	4	9	14	21
	7	17	23	19	20
	1	13	12	24	15
	6	2	8	18	10
	0	11	16	22	5
Step 77 leads to...
	3	4	9	14	21
	7	17	23	19	20
	1	13	12	24	15
	6	2	8	18	10
	11	0	16	22	5
Step 78 leads to...
	3	4	9	14	21
	7	17	23	19	20
	1	13	12	24	15
	6	2	8	18	10
	11	16	0	22	5
Step 79 leads to...
	3	4	9	14	21
	7	17	23	19	20
	1	13	12	24	15
	6	2	8	18	10
	11	16	22	0	5
Step 80 leads to...
	3	4	9	14	21
	7	17	23	19	20
	1	13	12	24	15
	6	2	8	0	10
	11	16	22	18	5
Step 81 leads to...
	3	4	9	14	21
	7	17	23	19	20
	1	13	12	0	15
	6	2	8	24	10
	11	16	22	18	5
Step 82 leads to...
	3	4	9	14	21
	7	17	23	0	20
	1	13	12	19	15
	6	2	8	24	10
	11	16	22	18	5
Step 83 leads to...
	3	4	9	0	21
	7	17	23	14	20
	1	13	12	19	15
	6	2	8	24	10
	11	16	22	18	5
Step 84 leads to...
	3	4	0	9	21
	7	17	23	14	20
	1	13	12	19	15
	6	2	8	24	10
	11	16	22	18	5
Step 85 leads to...
	3	0	4	9	21
	7	17	23	14	20
	1	13	12	19	15
	6	2	8	24	10
	11	16	22	18	5
Step 86 leads to...
	0	3	4	9	21
	7	17	23	14	20
	1	13	12	19	15
	6	2	8	24	10
	11	16	22	18	5
Step 87 leads to...
	7	3	4	9	21
	0	17	23	14	20
	1	13	12	19	15
	6	2	8	24	10
	11	16	22	18	5
Step 88 leads to...
	7	3	4	9	21
	1	17	23	14	20
	0	13	12	19	15
	6	2	8	24	10
	11	16	22	18	5
Step 89 leads to...
	7	3	4	9	21
	1	17	23	14	20
	6	13	12	19	15
	0	2	8	24	10
	11	16	22	18	5
Step 90 leads to...
	7	3	4	9	21
	1	17	23	14	20
	6	13	12	19	15
	11	2	8	24	10
	0	16	22	18	5
Step 91 leads to...
	7	3	4	9	21
	1	17	23	14	20
	6	13	12	19	15
	11	2	8	24	10
	16	0	22	18	5
Step 92 leads to...
	7	3	4	9	21
	1	17	23	14	20
	6	13	12	19	15
	11	2	8	24	10
	16	22	0	18	5
Step 93 leads to...
	7	3	4	9	21
	1	17	23	14	20
	6	13	12	19	15
	11	2	8	24	10
	16	22	18	0	5
Step 94 leads to...
	7	3	4	9	21
	1	17	23	14	20
	6	13	12	19	15
	11	2	8	0	10
	16	22	18	24	5
Step 95 leads to...
	7	3	4	9	21
	1	17	23	14	20
	6	13	12	0	15
	11	2	8	19	10
	16	22	18	24	5
Step 96 leads to...
	7	3	4	9	21
	1	17	23	0	20
	6	13	12	14	15
	11	2	8	19	10
	16	22	18	24	5
Step 97 leads to...
	7	3	4	0	21
	1	17	23	9	20
	6	13	12	14	15
	11	2	8	19	10
	16	22	18	24	5
Step 98 leads to...
	7	3	0	4	21
	1	17	23	9	20
	6	13	12	14	15
	11	2	8	19	10
	16	22	18	24	5
Step 99 leads to...
	7	0	3	4	21
	1	17	23	9	20
	6	13	12	14	15
	11	2	8	19	10
	16	22	18	24	5
Step 100 leads to...
	0	7	3	4	21
	1	17	23	9	20
	6	13	12	14	15
	11	2	8	19	10
	16	22	18	24	5
Step 101 leads to...
	1	7	3	4	21
	0	17	23	9	20
	6	13	12	14	15
	11	2	8	19	10
	16	22	18	24	5
Step 102 leads to...
	1	7	3	4	21
	6	17	23	9	20
	0	13	12	14	15
	11	2	8	19	10
	16	22	18	24	5
Step 103 leads to...
	1	7	3	4	21
	6	17	23	9	20
	11	13	12	14	15
	0	2	8	19	10
	16	22	18	24	5
Step 104 leads to...
	1	7	3	4	21
	6	17	23	9	20
	11	13	12	14	15
	16	2	8	19	10
	0	22	18	24	5
Step 105 leads to...
	1	7	3	4	21
	6	17	23	9	20
	11	13	12	14	15
	16	2	8	19	10
	22	0	18	24	5
Step 106 leads to...
	1	7	3	4	21
	6	17	23	9	20
	11	13	12	14	15
	16	0	8	19	10
	22	2	18	24	5
Step 107 leads to...
	1	7	3	4	21
	6	17	23	9	20
	11	0	12	14	15
	16	13	8	19	10
	22	2	18	24	5
Step 108 leads to...
	1	7	3	4	21
	6	17	23	9	20
	11	12	0	14	15
	16	13	8	19	10
	22	2	18	24	5
Step 109 leads to...
	1	7	3	4	21
	6	17	23	9	20
	11	12	8	14	15
	16	13	0	19	10
	22	2	18	24	5
Step 110 leads to...
	1	7	3	4	21
	6	17	23	9	20
	11	12	8	14	15
	16	0	13	19	10
	22	2	18	24	5
Step 111 leads to...
	1	7	3	4	21
	6	17	23	9	20
	11	12	8	14	15
	16	2	13	19	10
	22	0	18	24	5
Step 112 leads to...
	1	7	3	4	21
	6	17	23	9	20
	11	12	8	14	15
	16	2	13	19	10
	0	22	18	24	5
Step 113 leads to...
	1	7	3	4	21
	6	17	23	9	20
	11	12	8	14	15
	0	2	13	19	10
	16	22	18	24	5
Step 114 leads to...
	1	7	3	4	21
	6	17	23	9	20
	0	12	8	14	15
	11	2	13	19	10
	16	22	18	24	5
Step 115 leads to...
	1	7	3	4	21
	6	17	23	9	20
	12	0	8	14	15
	11	2	13	19	10
	16	22	18	24	5
Step 116 leads to...
	1	7	3	4	21
	6	0	23	9	20
	12	17	8	14	15
	11	2	13	19	10
	16	22	18	24	5
Step 117 leads to...
	1	7	3	4	21
	6	23	0	9	20
	12	17	8	14	15
	11	2	13	19	10
	16	22	18	24	5
Step 118 leads to...
	1	7	3	4	21
	6	23	8	9	20
	12	17	0	14	15
	11	2	13	19	10
	16	22	18	24	5
Step 119 leads to...
	1	7	3	4	21
	6	23	8	9	20
	12	17	13	14	15
	11	2	0	19	10
	16	22	18	24	5
Step 120 leads to...
	1	7	3	4	21
	6	23	8	9	20
	12	17	13	14	15
	11	0	2	19	10
	16	22	18	24	5
Step 121 leads to...
	1	7	3	4	21
	6	23	8	9	20
	12	0	13	14	15
	11	17	2	19	10
	16	22	18	24	5
Step 122 leads to...
	1	7	3	4	21
	6	23	8	9	20
	0	12	13	14	15
	11	17	2	19	10
	16	22	18	24	5
Step 123 leads to...
	1	7	3	4	21
	6	23	8	9	20
	11	12	13	14	15
	0	17	2	19	10
	16	22	18	24	5
Step 124 leads to...
	1	7	3	4	21
	6	23	8	9	20
	11	12	13	14	15
	17	0	2	19	10
	16	22	18	24	5
Step 125 leads to...
	1	7	3	4	21
	6	23	8	9	20
	11	12	13	14	15
	17	2	0	19	10
	16	22	18	24	5
Step 126 leads to...
	1	7	3	4	21
	6	23	8	9	20
	11	12	0	14	15
	17	2	13	19	10
	16	22	18	24	5
Step 127 leads to...
	1	7	3	4	21
	6	23	8	9	20
	11	0	12	14	15
	17	2	13	19	10
	16	22	18	24	5
Step 128 leads to...
	1	7	3	4	21
	6	23	8	9	20
	11	2	12	14	15
	17	0	13	19	10
	16	22	18	24	5
Step 129 leads to...
	1	7	3	4	21
	6	23	8	9	20
	11	2	12	14	15
	0	17	13	19	10
	16	22	18	24	5
Step 130 leads to...
	1	7	3	4	21
	6	23	8	9	20
	0	2	12	14	15
	11	17	13	19	10
	16	22	18	24	5
Step 131 leads to...
	1	7	3	4	21
	6	23	8	9	20
	2	0	12	14	15
	11	17	13	19	10
	16	22	18	24	5
Step 132 leads to...
	1	7	3	4	21
	6	23	8	9	20
	2	12	0	14	15
	11	17	13	19	10
	16	22	18	24	5
Step 133 leads to...
	1	7	3	4	21
	6	23	8	9	20
	2	12	13	14	15
	11	17	0	19	10
	16	22	18	24	5
Step 134 leads to...
	1	7	3	4	21
	6	23	8	9	20
	2	12	13	14	15
	11	17	18	19	10
	16	22	0	24	5
Step 135 leads to...
	1	7	3	4	21
	6	23	8	9	20
	2	12	13	14	15
	11	17	18	19	10
	16	0	22	24	5
Step 136 leads to...
	1	7	3	4	21
	6	23	8	9	20
	2	12	13	14	15
	11	0	18	19	10
	16	17	22	24	5
Step 137 leads to...
	1	7	3	4	21
	6	23	8	9	20
	2	0	13	14	15
	11	12	18	19	10
	16	17	22	24	5
Step 138 leads to...
	1	7	3	4	21
	6	23	8	9	20
	0	2	13	14	15
	11	12	18	19	10
	16	17	22	24	5
Step 139 leads to...
	1	7	3	4	21
	6	23	8	9	20
	11	2	13	14	15
	0	12	18	19	10
	16	17	22	24	5
Step 140 leads to...
	1	7	3	4	21
	6	23	8	9	20
	11	2	13	14	15
	16	12	18	19	10
	0	17	22	24	5
Step 141 leads to...
	1	7	3	4	21
	6	23	8	9	20
	11	2	13	14	15
	16	12	18	19	10
	17	0	22	24	5
Step 142 leads to...
	1	7	3	4	21
	6	23	8	9	20
	11	2	13	14	15
	16	12	18	19	10
	17	22	0	24	5
Step 143 leads to...
	1	7	3	4	21
	6	23	8	9	20
	11	2	13	14	15
	16	12	0	19	10
	17	22	18	24	5
Step 144 leads to...
	1	7	3	4	21
	6	23	8	9	20
	11	2	0	14	15
	16	12	13	19	10
	17	22	18	24	5
Step 145 leads to...
	1	7	3	4	21
	6	23	0	9	20
	11	2	8	14	15
	16	12	13	19	10
	17	22	18	24	5
Step 146 leads to...
	1	7	3	4	21
	6	0	23	9	20
	11	2	8	14	15
	16	12	13	19	10
	17	22	18	24	5
Step 147 leads to...
	1	7	3	4	21
	6	2	23	9	20
	11	0	8	14	15
	16	12	13	19	10
	17	22	18	24	5
Step 148 leads to...
	1	7	3	4	21
	6	2	23	9	20
	11	12	8	14	15
	16	0	13	19	10
	17	22	18	24	5
Step 149 leads to...
	1	7	3	4	21
	6	2	23	9	20
	11	12	8	14	15
	16	13	0	19	10
	17	22	18	24	5
Step 150 leads to...
	1	7	3	4	21
	6	2	23	9	20
	11	12	8	14	15
	16	13	18	19	10
	17	22	0	24	5
Step 151 leads to...
	1	7	3	4	21
	6	2	23	9	20
	11	12	8	14	15
	16	13	18	19	10
	17	0	22	24	5
Step 152 leads to...
	1	7	3	4	21
	6	2	23	9	20
	11	12	8	14	15
	16	13	18	19	10
	0	17	22	24	5
Step 153 leads to...
	1	7	3	4	21
	6	2	23	9	20
	11	12	8	14	15
	0	13	18	19	10
	16	17	22	24	5
Step 154 leads to...
	1	7	3	4	21
	6	2	23	9	20
	11	12	8	14	15
	13	0	18	19	10
	16	17	22	24	5
Step 155 leads to...
	1	7	3	4	21
	6	2	23	9	20
	11	12	8	14	15
	13	17	18	19	10
	16	0	22	24	5
Step 156 leads to...
	1	7	3	4	21
	6	2	23	9	20
	11	12	8	14	15
	13	17	18	19	10
	16	22	0	24	5
Step 157 leads to...
	1	7	3	4	21
	6	2	23	9	20
	11	12	8	14	15
	13	17	0	19	10
	16	22	18	24	5
Step 158 leads to...
	1	7	3	4	21
	6	2	23	9	20
	11	12	8	14	15
	13	0	17	19	10
	16	22	18	24	5
Step 159 leads to...
	1	7	3	4	21
	6	2	23	9	20
	11	12	8	14	15
	0	13	17	19	10
	16	22	18	24	5
Step 160 leads to...
	1	7	3	4	21
	6	2	23	9	20
	11	12	8	14	15
	16	13	17	19	10
	0	22	18	24	5
Step 161 leads to...
	1	7	3	4	21
	6	2	23	9	20
	11	12	8	14	15
	16	13	17	19	10
	22	0	18	24	5
Step 162 leads to...
	1	7	3	4	21
	6	2	23	9	20
	11	12	8	14	15
	16	0	17	19	10
	22	13	18	24	5
Step 163 leads to...
	1	7	3	4	21
	6	2	23	9	20
	11	12	8	14	15
	16	17	0	19	10
	22	13	18	24	5
Step 164 leads to...
	1	7	3	4	21
	6	2	23	9	20
	11	12	8	14	15
	16	17	18	19	10
	22	13	0	24	5
Step 165 leads to...
	1	7	3	4	21
	6	2	23	9	20
	11	12	8	14	15
	16	17	18	19	10
	22	0	13	24	5
Step 166 leads to...
	1	7	3	4	21
	6	2	23	9	20
	11	12	8	14	15
	16	17	18	19	10
	0	22	13	24	5
Step 167 leads to...
	1	7	3	4	21
	6	2	23	9	20
	11	12	8	14	15
	0	17	18	19	10
	16	22	13	24	5
Step 168 leads to...
	1	7	3	4	21
	6	2	23	9	20
	0	12	8	14	15
	11	17	18	19	10
	16	22	13	24	5
Step 169 leads to...
	1	7	3	4	21
	0	2	23	9	20
	6	12	8	14	15
	11	17	18	19	10
	16	22	13	24	5
Step 170 leads to...
	1	7	3	4	21
	2	0	23	9	20
	6	12	8	14	15
	11	17	18	19	10
	16	22	13	24	5
Step 171 leads to...
	1	0	3	4	21
	2	7	23	9	20
	6	12	8	14	15
	11	17	18	19	10
	16	22	13	24	5
Step 172 leads to...
	0	1	3	4	21
	2	7	23	9	20
	6	12	8	14	15
	11	17	18	19	10
	16	22	13	24	5
Step 173 leads to...
	2	1	3	4	21
	0	7	23	9	20
	6	12	8	14	15
	11	17	18	19	10
	16	22	13	24	5
Step 174 leads to...
	2	1	3	4	21
	6	7	23	9	20
	0	12	8	14	15
	11	17	18	19	10
	16	22	13	24	5
Step 175 leads to...
	2	1	3	4	21
	6	7	23	9	20
	11	12	8	14	15
	0	17	18	19	10
	16	22	13	24	5
Step 176 leads to...
	2	1	3	4	21
	6	7	23	9	20
	11	12	8	14	15
	16	17	18	19	10
	0	22	13	24	5
Step 177 leads to...
	2	1	3	4	21
	6	7	23	9	20
	11	12	8	14	15
	16	17	18	19	10
	22	0	13	24	5
Step 178 leads to...
	2	1	3	4	21
	6	7	23	9	20
	11	12	8	14	15
	16	17	18	19	10
	22	13	0	24	5
Step 179 leads to...
	2	1	3	4	21
	6	7	23	9	20
	11	12	8	14	15
	16	17	0	19	10
	22	13	18	24	5
Step 180 leads to...
	2	1	3	4	21
	6	7	23	9	20
	11	12	8	14	15
	16	0	17	19	10
	22	13	18	24	5
Step 181 leads to...
	2	1	3	4	21
	6	7	23	9	20
	11	12	8	14	15
	16	13	17	19	10
	22	0	18	24	5
Step 182 leads to...
	2	1	3	4	21
	6	7	23	9	20
	11	12	8	14	15
	16	13	17	19	10
	0	22	18	24	5
Step 183 leads to...
	2	1	3	4	21
	6	7	23	9	20
	11	12	8	14	15
	0	13	17	19	10
	16	22	18	24	5
Step 184 leads to...
	2	1	3	4	21
	6	7	23	9	20
	11	12	8	14	15
	13	0	17	19	10
	16	22	18	24	5
Step 185 leads to...
	2	1	3	4	21
	6	7	23	9	20
	11	12	8	14	15
	13	17	0	19	10
	16	22	18	24	5
Step 186 leads to...
	2	1	3	4	21
	6	7	23	9	20
	11	12	8	14	15
	13	17	18	19	10
	16	22	0	24	5
Step 187 leads to...
	2	1	3	4	21
	6	7	23	9	20
	11	12	8	14	15
	13	17	18	19	10
	16	0	22	24	5
Step 188 leads to...
	2	1	3	4	21
	6	7	23	9	20
	11	12	8	14	15
	13	0	18	19	10
	16	17	22	24	5
Step 189 leads to...
	2	1	3	4	21
	6	7	23	9	20
	11	12	8	14	15
	0	13	18	19	10
	16	17	22	24	5
Step 190 leads to...
	2	1	3	4	21
	6	7	23	9	20
	11	12	8	14	15
	16	13	18	19	10
	0	17	22	24	5
Step 191 leads to...
	2	1	3	4	21
	6	7	23	9	20
	11	12	8	14	15
	16	13	18	19	10
	17	0	22	24	5
Step 192 leads to...
	2	1	3	4	21
	6	7	23	9	20
	11	12	8	14	15
	16	13	18	19	10
	17	22	0	24	5
Step 193 leads to...
	2	1	3	4	21
	6	7	23	9	20
	11	12	8	14	15
	16	13	0	19	10
	17	22	18	24	5
Step 194 leads to...
	2	1	3	4	21
	6	7	23	9	20
	11	12	8	14	15
	16	0	13	19	10
	17	22	18	24	5
Step 195 leads to...
	2	1	3	4	21
	6	7	23	9	20
	11	0	8	14	15
	16	12	13	19	10
	17	22	18	24	5
Step 196 leads to...
	2	1	3	4	21
	6	7	23	9	20
	11	8	0	14	15
	16	12	13	19	10
	17	22	18	24	5
Step 197 leads to...
	2	1	3	4	21
	6	7	23	9	20
	11	8	13	14	15
	16	12	0	19	10
	17	22	18	24	5
Step 198 leads to...
	2	1	3	4	21
	6	7	23	9	20
	11	8	13	14	15
	16	12	18	19	10
	17	22	0	24	5
Step 199 leads to...
	2	1	3	4	21
	6	7	23	9	20
	11	8	13	14	15
	16	12	18	19	10
	17	0	22	24	5
Step 200 leads to...
	2	1	3	4	21
	6	7	23	9	20
	11	8	13	14	15
	16	12	18	19	10
	0	17	22	24	5
Step 201 leads to...
	2	1	3	4	21
	6	7	23	9	20
	11	8	13	14	15
	0	12	18	19	10
	16	17	22	24	5
Step 202 leads to...
	2	1	3	4	21
	6	7	23	9	20
	11	8	13	14	15
	12	0	18	19	10
	16	17	22	24	5
Step 203 leads to...
	2	1	3	4	21
	6	7	23	9	20
	11	8	13	14	15
	12	17	18	19	10
	16	0	22	24	5
Step 204 leads to...
	2	1	3	4	21
	6	7	23	9	20
	11	8	13	14	15
	12	17	18	19	10
	16	22	0	24	5
Step 205 leads to...
	2	1	3	4	21
	6	7	23	9	20
	11	8	13	14	15
	12	17	0	19	10
	16	22	18	24	5
Step 206 leads to...
	2	1	3	4	21
	6	7	23	9	20
	11	8	0	14	15
	12	17	13	19	10
	16	22	18	24	5
Step 207 leads to...
	2	1	3	4	21
	6	7	0	9	20
	11	8	23	14	15
	12	17	13	19	10
	16	22	18	24	5
Step 208 leads to...
	2	1	3	4	21
	6	0	7	9	20
	11	8	23	14	15
	12	17	13	19	10
	16	22	18	24	5
Step 209 leads to...
	2	1	3	4	21
	6	8	7	9	20
	11	0	23	14	15
	12	17	13	19	10
	16	22	18	24	5
Step 210 leads to...
	2	1	3	4	21
	6	8	7	9	20
	11	23	0	14	15
	12	17	13	19	10
	16	22	18	24	5
Step 211 leads to...
	2	1	3	4	21
	6	8	7	9	20
	11	23	13	14	15
	12	17	0	19	10
	16	22	18	24	5
Step 212 leads to...
	2	1	3	4	21
	6	8	7	9	20
	11	23	13	14	15
	12	0	17	19	10
	16	22	18	24	5
Step 213 leads to...
	2	1	3	4	21
	6	8	7	9	20
	11	0	13	14	15
	12	23	17	19	10
	16	22	18	24	5
Step 214 leads to...
	2	1	3	4	21
	6	8	7	9	20
	0	11	13	14	15
	12	23	17	19	10
	16	22	18	24	5
Step 215 leads to...
	2	1	3	4	21
	6	8	7	9	20
	12	11	13	14	15
	0	23	17	19	10
	16	22	18	24	5
Step 216 leads to...
	2	1	3	4	21
	6	8	7	9	20
	12	11	13	14	15
	16	23	17	19	10
	0	22	18	24	5
Step 217 leads to...
	2	1	3	4	21
	6	8	7	9	20
	12	11	13	14	15
	16	23	17	19	10
	22	0	18	24	5
Step 218 leads to...
	2	1	3	4	21
	6	8	7	9	20
	12	11	13	14	15
	16	0	17	19	10
	22	23	18	24	5
Step 219 leads to...
	2	1	3	4	21
	6	8	7	9	20
	12	11	13	14	15
	16	17	0	19	10
	22	23	18	24	5
Step 220 leads to...
	2	1	3	4	21
	6	8	7	9	20
	12	11	13	14	15
	16	17	18	19	10
	22	23	0	24	5
Step 221 leads to...
	2	1	3	4	21
	6	8	7	9	20
	12	11	13	14	15
	16	17	18	19	10
	22	0	23	24	5
Step 222 leads to...
	2	1	3	4	21
	6	8	7	9	20
	12	11	13	14	15
	16	0	18	19	10
	22	17	23	24	5
Step 223 leads to...
	2	1	3	4	21
	6	8	7	9	20
	12	0	13	14	15
	16	11	18	19	10
	22	17	23	24	5
Step 224 leads to...
	2	1	3	4	21
	6	8	7	9	20
	0	12	13	14	15
	16	11	18	19	10
	22	17	23	24	5
Step 225 leads to...
	2	1	3	4	21
	6	8	7	9	20
	16	12	13	14	15
	0	11	18	19	10
	22	17	23	24	5
Step 226 leads to...
	2	1	3	4	21
	6	8	7	9	20
	16	12	13	14	15
	11	0	18	19	10
	22	17	23	24	5
Step 227 leads to...
	2	1	3	4	21
	6	8	7	9	20
	16	12	13	14	15
	11	17	18	19	10
	22	0	23	24	5
Step 228 leads to...
	2	1	3	4	21
	6	8	7	9	20
	16	12	13	14	15
	11	17	18	19	10
	0	22	23	24	5
Step 229 leads to...
	2	1	3	4	21
	6	8	7	9	20
	16	12	13	14	15
	0	17	18	19	10
	11	22	23	24	5
Step 230 leads to...
	2	1	3	4	21
	6	8	7	9	20
	0	12	13	14	15
	16	17	18	19	10
	11	22	23	24	5
Step 231 leads to...
	2	1	3	4	21
	6	8	7	9	20
	12	0	13	14	15
	16	17	18	19	10
	11	22	23	24	5
Step 232 leads to...
	2	1	3	4	21
	6	0	7	9	20
	12	8	13	14	15
	16	17	18	19	10
	11	22	23	24	5
Step 233 leads to...
	2	1	3	4	21
	6	7	0	9	20
	12	8	13	14	15
	16	17	18	19	10
	11	22	23	24	5
Step 234 leads to...
	2	1	3	4	21
	6	7	13	9	20
	12	8	0	14	15
	16	17	18	19	10
	11	22	23	24	5
Step 235 leads to...
	2	1	3	4	21
	6	7	13	9	20
	12	0	8	14	15
	16	17	18	19	10
	11	22	23	24	5
Step 236 leads to...
	2	1	3	4	21
	6	7	13	9	20
	0	12	8	14	15
	16	17	18	19	10
	11	22	23	24	5
Step 237 leads to...
	2	1	3	4	21
	0	7	13	9	20
	6	12	8	14	15
	16	17	18	19	10
	11	22	23	24	5
Step 238 leads to...
	0	1	3	4	21
	2	7	13	9	20
	6	12	8	14	15
	16	17	18	19	10
	11	22	23	24	5
Step 239 leads to...
	1	0	3	4	21
	2	7	13	9	20
	6	12	8	14	15
	16	17	18	19	10
	11	22	23	24	5
Step 240 leads to...
	1	7	3	4	21
	2	0	13	9	20
	6	12	8	14	15
	16	17	18	19	10
	11	22	23	24	5
Step 241 leads to...
	1	7	3	4	21
	0	2	13	9	20
	6	12	8	14	15
	16	17	18	19	10
	11	22	23	24	5
Step 242 leads to...
	1	7	3	4	21
	6	2	13	9	20
	0	12	8	14	15
	16	17	18	19	10
	11	22	23	24	5
Step 243 leads to...
	1	7	3	4	21
	6	2	13	9	20
	12	0	8	14	15
	16	17	18	19	10
	11	22	23	24	5
Step 244 leads to...
	1	7	3	4	21
	6	2	13	9	20
	12	8	0	14	15
	16	17	18	19	10
	11	22	23	24	5
Step 245 leads to...
	1	7	3	4	21
	6	2	0	9	20
	12	8	13	14	15
	16	17	18	19	10
	11	22	23	24	5
Step 246 leads to...
	1	7	3	4	21
	6	0	2	9	20
	12	8	13	14	15
	16	17	18	19	10
	11	22	23	24	5
Step 247 leads to...
	1	0	3	4	21
	6	7	2	9	20
	12	8	13	14	15
	16	17	18	19	10
	11	22	23	24	5
Step 248 leads to...
	1	3	0	4	21
	6	7	2	9	20
	12	8	13	14	15
	16	17	18	19	10
	11	22	23	24	5
Step 249 leads to...
	1	3	2	4	21
	6	7	0	9	20
	12	8	13	14	15
	16	17	18	19	10
	11	22	23	24	5
Step 250 leads to...
	1	3	2	4	21
	6	0	7	9	20
	12	8	13	14	15
	16	17	18	19	10
	11	22	23	24	5
Step 251 leads to...
	1	3	2	4	21
	6	8	7	9	20
	12	0	13	14	15
	16	17	18	19	10
	11	22	23	24	5
Step 252 leads to...
	1	3	2	4	21
	6	8	7	9	20
	0	12	13	14	15
	16	17	18	19	10
	11	22	23	24	5
Step 253 leads to...
	1	3	2	4	21
	6	8	7	9	20
	16	12	13	14	15
	0	17	18	19	10
	11	22	23	24	5
Step 254 leads to...
	1	3	2	4	21
	6	8	7	9	20
	16	12	13	14	15
	11	17	18	19	10
	0	22	23	24	5
Step 255 leads to...
	1	3	2	4	21
	6	8	7	9	20
	16	12	13	14	15
	11	17	18	19	10
	22	0	23	24	5
Step 256 leads to...
	1	3	2	4	21
	6	8	7	9	20
	16	12	13	14	15
	11	0	18	19	10
	22	17	23	24	5
Step 257 leads to...
	1	3	2	4	21
	6	8	7	9	20
	16	12	13	14	15
	0	11	18	19	10
	22	17	23	24	5
Step 258 leads to...
	1	3	2	4	21
	6	8	7	9	20
	0	12	13	14	15
	16	11	18	19	10
	22	17	23	24	5
Step 259 leads to...
	1	3	2	4	21
	6	8	7	9	20
	12	0	13	14	15
	16	11	18	19	10
	22	17	23	24	5
Step 260 leads to...
	1	3	2	4	21
	6	8	7	9	20
	12	11	13	14	15
	16	0	18	19	10
	22	17	23	24	5
Step 261 leads to...
	1	3	2	4	21
	6	8	7	9	20
	12	11	13	14	15
	16	17	18	19	10
	22	0	23	24	5
Step 262 leads to...
	1	3	2	4	21
	6	8	7	9	20
	12	11	13	14	15
	16	17	18	19	10
	0	22	23	24	5
Step 263 leads to...
	1	3	2	4	21
	6	8	7	9	20
	12	11	13	14	15
	0	17	18	19	10
	16	22	23	24	5
Step 264 leads to...
	1	3	2	4	21
	6	8	7	9	20
	0	11	13	14	15
	12	17	18	19	10
	16	22	23	24	5
Step 265 leads to...
	1	3	2	4	21
	6	8	7	9	20
	11	0	13	14	15
	12	17	18	19	10
	16	22	23	24	5
Step 266 leads to...
	1	3	2	4	21
	6	0	7	9	20
	11	8	13	14	15
	12	17	18	19	10
	16	22	23	24	5
Step 267 leads to...
	1	3	2	4	21
	6	7	0	9	20
	11	8	13	14	15
	12	17	18	19	10
	16	22	23	24	5
Step 268 leads to...
	1	3	0	4	21
	6	7	2	9	20
	11	8	13	14	15
	12	17	18	19	10
	16	22	23	24	5
Step 269 leads to...
	1	0	3	4	21
	6	7	2	9	20
	11	8	13	14	15
	12	17	18	19	10
	16	22	23	24	5
Step 270 leads to...
	1	7	3	4	21
	6	0	2	9	20
	11	8	13	14	15
	12	17	18	19	10
	16	22	23	24	5
Step 271 leads to...
	1	7	3	4	21
	6	8	2	9	20
	11	0	13	14	15
	12	17	18	19	10
	16	22	23	24	5
Step 272 leads to...
	1	7	3	4	21
	6	8	2	9	20
	11	13	0	14	15
	12	17	18	19	10
	16	22	23	24	5
Step 273 leads to...
	1	7	3	4	21
	6	8	0	9	20
	11	13	2	14	15
	12	17	18	19	10
	16	22	23	24	5
Step 274 leads to...
	1	7	3	4	21
	6	0	8	9	20
	11	13	2	14	15
	12	17	18	19	10
	16	22	23	24	5
Step 275 leads to...
	1	0	3	4	21
	6	7	8	9	20
	11	13	2	14	15
	12	17	18	19	10
	16	22	23	24	5
Step 276 leads to...
	1	3	0	4	21
	6	7	8	9	20
	11	13	2	14	15
	12	17	18	19	10
	16	22	23	24	5
Step 277 leads to...
	1	3	8	4	21
	6	7	0	9	20
	11	13	2	14	15
	12	17	18	19	10
	16	22	23	24	5
Step 278 leads to...
	1	3	8	4	21
	6	7	2	9	20
	11	13	0	14	15
	12	17	18	19	10
	16	22	23	24	5
Step 279 leads to...
	1	3	8	4	21
	6	7	2	9	20
	11	0	13	14	15
	12	17	18	19	10
	16	22	23	24	5
Step 280 leads to...
	1	3	8	4	21
	6	0	2	9	20
	11	7	13	14	15
	12	17	18	19	10
	16	22	23	24	5
Step 281 leads to...
	1	3	8	4	21
	6	2	0	9	20
	11	7	13	14	15
	12	17	18	19	10
	16	22	23	24	5
Step 282 leads to...
	1	3	0	4	21
	6	2	8	9	20
	11	7	13	14	15
	12	17	18	19	10
	16	22	23	24	5
Step 283 leads to...
	1	0	3	4	21
	6	2	8	9	20
	11	7	13	14	15
	12	17	18	19	10
	16	22	23	24	5
Step 284 leads to...
	1	2	3	4	21
	6	0	8	9	20
	11	7	13	14	15
	12	17	18	19	10
	16	22	23	24	5
Step 285 leads to...
	1	2	3	4	21
	6	7	8	9	20
	11	0	13	14	15
	12	17	18	19	10
	16	22	23	24	5
Step 286 leads to...
	1	2	3	4	21
	6	7	8	9	20
	0	11	13	14	15
	12	17	18	19	10
	16	22	23	24	5
Step 287 leads to...
	1	2	3	4	21
	6	7	8	9	20
	12	11	13	14	15
	0	17	18	19	10
	16	22	23	24	5
Step 288 leads to...
	1	2	3	4	21
	6	7	8	9	20
	12	11	13	14	15
	16	17	18	19	10
	0	22	23	24	5
Step 289 leads to...
	1	2	3	4	21
	6	7	8	9	20
	12	11	13	14	15
	16	17	18	19	10
	22	0	23	24	5
Step 290 leads to...
	1	2	3	4	21
	6	7	8	9	20
	12	11	13	14	15
	16	0	18	19	10
	22	17	23	24	5
Step 291 leads to...
	1	2	3	4	21
	6	7	8	9	20
	12	0	13	14	15
	16	11	18	19	10
	22	17	23	24	5
Step 292 leads to...
	1	2	3	4	21
	6	7	8	9	20
	0	12	13	14	15
	16	11	18	19	10
	22	17	23	24	5
Step 293 leads to...
	1	2	3	4	21
	6	7	8	9	20
	16	12	13	14	15
	0	11	18	19	10
	22	17	23	24	5
Step 294 leads to...
	1	2	3	4	21
	6	7	8	9	20
	16	12	13	14	15
	11	0	18	19	10
	22	17	23	24	5
Step 295 leads to...
	1	2	3	4	21
	6	7	8	9	20
	16	12	13	14	15
	11	17	18	19	10
	22	0	23	24	5
Step 296 leads to...
	1	2	3	4	21
	6	7	8	9	20
	16	12	13	14	15
	11	17	18	19	10
	0	22	23	24	5
Step 297 leads to...
	1	2	3	4	21
	6	7	8	9	20
	16	12	13	14	15
	0	17	18	19	10
	11	22	23	24	5
Step 298 leads to...
	1	2	3	4	21
	6	7	8	9	20
	0	12	13	14	15
	16	17	18	19	10
	11	22	23	24	5
Step 299 leads to...
	1	2	3	4	21
	6	7	8	9	20
	12	0	13	14	15
	16	17	18	19	10
	11	22	23	24	5
Step 300 leads to...
	1	2	3	4	21
	6	7	8	9	20
	12	13	0	14	15
	16	17	18	19	10
	11	22	23	24	5
Step 301 leads to...
	1	2	3	4	21
	6	7	8	9	20
	12	13	14	0	15
	16	17	18	19	10
	11	22	23	24	5
Step 302 leads to...
	1	2	3	4	21
	6	7	8	9	20
	12	13	14	15	0
	16	17	18	19	10
	11	22	23	24	5
Step 303 leads to...
	1	2	3	4	21
	6	7	8	9	0
	12	13	14	15	20
	16	17	18	19	10
	11	22	23	24	5
Step 304 leads to...
	1	2	3	4	0
	6	7	8	9	21
	12	13	14	15	20
	16	17	18	19	10
	11	22	23	24	5
Step 305 leads to...
	1	2	3	0	4
	6	7	8	9	21
	12	13	14	15	20
	16	17	18	19	10
	11	22	23	24	5
Step 306 leads to...
	1	2	3	9	4
	6	7	8	0	21
	12	13	14	15	20
	16	17	18	19	10
	11	22	23	24	5
Step 307 leads to...
	1	2	3	9	4
	6	7	8	21	0
	12	13	14	15	20
	16	17	18	19	10
	11	22	23	24	5
Step 308 leads to...
	1	2	3	9	4
	6	7	8	21	20
	12	13	14	15	0
	16	17	18	19	10
	11	22	23	24	5
Step 309 leads to...
	1	2	3	9	4
	6	7	8	21	20
	12	13	14	0	15
	16	17	18	19	10
	11	22	23	24	5
Step 310 leads to...
	1	2	3	9	4
	6	7	8	0	20
	12	13	14	21	15
	16	17	18	19	10
	11	22	23	24	5
Step 311 leads to...
	1	2	3	0	4
	6	7	8	9	20
	12	13	14	21	15
	16	17	18	19	10
	11	22	23	24	5
Step 312 leads to...
	1	2	3	4	0
	6	7	8	9	20
	12	13	14	21	15
	16	17	18	19	10
	11	22	23	24	5
Step 313 leads to...
	1	2	3	4	20
	6	7	8	9	0
	12	13	14	21	15
	16	17	18	19	10
	11	22	23	24	5
Step 314 leads to...
	1	2	3	4	20
	6	7	8	9	15
	12	13	14	21	0
	16	17	18	19	10
	11	22	23	24	5
Step 315 leads to...
	1	2	3	4	20
	6	7	8	9	15
	12	13	14	21	10
	16	17	18	19	0
	11	22	23	24	5
Step 316 leads to...
	1	2	3	4	20
	6	7	8	9	15
	12	13	14	21	10
	16	17	18	0	19
	11	22	23	24	5
Step 317 leads to...
	1	2	3	4	20
	6	7	8	9	15
	12	13	14	0	10
	16	17	18	21	19
	11	22	23	24	5
Step 318 leads to...
	1	2	3	4	20
	6	7	8	9	15
	12	13	0	14	10
	16	17	18	21	19
	11	22	23	24	5
Step 319 leads to...
	1	2	3	4	20
	6	7	8	9	15
	12	0	13	14	10
	16	17	18	21	19
	11	22	23	24	5
Step 320 leads to...
	1	2	3	4	20
	6	7	8	9	15
	12	17	13	14	10
	16	0	18	21	19
	11	22	23	24	5
Step 321 leads to...
	1	2	3	4	20
	6	7	8	9	15
	12	17	13	14	10
	16	18	0	21	19
	11	22	23	24	5
Step 322 leads to...
	1	2	3	4	20
	6	7	8	9	15
	12	17	13	14	10
	16	18	21	0	19
	11	22	23	24	5
Step 323 leads to...
	1	2	3	4	20
	6	7	8	9	15
	12	17	13	14	10
	16	18	21	19	0
	11	22	23	24	5
Step 324 leads to...
	1	2	3	4	20
	6	7	8	9	15
	12	17	13	14	10
	16	18	21	19	5
	11	22	23	24	0
Step 325 leads to...
	1	2	3	4	20
	6	7	8	9	15
	12	17	13	14	10
	16	18	21	19	5
	11	22	23	0	24
Step 326 leads to...
	1	2	3	4	20
	6	7	8	9	15
	12	17	13	14	10
	16	18	21	19	5
	11	22	0	23	24
Step 327 leads to...
	1	2	3	4	20
	6	7	8	9	15
	12	17	13	14	10
	16	18	0	19	5
	11	22	21	23	24
Step 328 leads to...
	1	2	3	4	20
	6	7	8	9	15
	12	17	13	14	10
	16	0	18	19	5
	11	22	21	23	24
Step 329 leads to...
	1	2	3	4	20
	6	7	8	9	15
	12	0	13	14	10
	16	17	18	19	5
	11	22	21	23	24
Step 330 leads to...
	1	2	3	4	20
	6	7	8	9	15
	0	12	13	14	10
	16	17	18	19	5
	11	22	21	23	24
Step 331 leads to...
	1	2	3	4	20
	6	7	8	9	15
	16	12	13	14	10
	0	17	18	19	5
	11	22	21	23	24
Step 332 leads to...
	1	2	3	4	20
	6	7	8	9	15
	16	12	13	14	10
	11	17	18	19	5
	0	22	21	23	24
Step 333 leads to...
	1	2	3	4	20
	6	7	8	9	15
	16	12	13	14	10
	11	17	18	19	5
	22	0	21	23	24
Step 334 leads to...
	1	2	3	4	20
	6	7	8	9	15
	16	12	13	14	10
	11	17	18	19	5
	22	21	0	23	24
Step 335 leads to...
	1	2	3	4	20
	6	7	8	9	15
	16	12	13	14	10
	11	17	18	19	5
	22	21	23	0	24
Step 336 leads to...
	1	2	3	4	20
	6	7	8	9	15
	16	12	13	14	10
	11	17	18	19	5
	22	21	23	24	0
Step 337 leads to...
	1	2	3	4	20
	6	7	8	9	15
	16	12	13	14	10
	11	17	18	19	0
	22	21	23	24	5
Step 338 leads to...
	1	2	3	4	20
	6	7	8	9	15
	16	12	13	14	10
	11	17	18	0	19
	22	21	23	24	5
Step 339 leads to...
	1	2	3	4	20
	6	7	8	9	15
	16	12	13	0	10
	11	17	18	14	19
	22	21	23	24	5
Step 340 leads to...
	1	2	3	4	20
	6	7	8	9	15
	16	12	13	10	0
	11	17	18	14	19
	22	21	23	24	5
Step 341 leads to...
	1	2	3	4	20
	6	7	8	9	0
	16	12	13	10	15
	11	17	18	14	19
	22	21	23	24	5
Step 342 leads to...
	1	2	3	4	20
	6	7	8	0	9
	16	12	13	10	15
	11	17	18	14	19
	22	21	23	24	5
Step 343 leads to...
	1	2	3	4	20
	6	7	8	10	9
	16	12	13	0	15
	11	17	18	14	19
	22	21	23	24	5
Step 344 leads to...
	1	2	3	4	20
	6	7	8	10	9
	16	12	13	14	15
	11	17	18	0	19
	22	21	23	24	5
Step 345 leads to...
	1	2	3	4	20
	6	7	8	10	9
	16	12	13	14	15
	11	17	18	19	0
	22	21	23	24	5
Step 346 leads to...
	1	2	3	4	20
	6	7	8	10	9
	16	12	13	14	0
	11	17	18	19	15
	22	21	23	24	5
Step 347 leads to...
	1	2	3	4	20
	6	7	8	10	0
	16	12	13	14	9
	11	17	18	19	15
	22	21	23	24	5
Step 348 leads to...
	1	2	3	4	20
	6	7	8	0	10
	16	12	13	14	9
	11	17	18	19	15
	22	21	23	24	5
Step 349 leads to...
	1	2	3	4	20
	6	7	8	14	10
	16	12	13	0	9
	11	17	18	19	15
	22	21	23	24	5
Step 350 leads to...
	1	2	3	4	20
	6	7	8	14	10
	16	12	13	9	0
	11	17	18	19	15
	22	21	23	24	5
Step 351 leads to...
	1	2	3	4	20
	6	7	8	14	0
	16	12	13	9	10
	11	17	18	19	15
	22	21	23	24	5
Step 352 leads to...
	1	2	3	4	0
	6	7	8	14	20
	16	12	13	9	10
	11	17	18	19	15
	22	21	23	24	5
Step 353 leads to...
	1	2	3	0	4
	6	7	8	14	20
	16	12	13	9	10
	11	17	18	19	15
	22	21	23	24	5
Step 354 leads to...
	1	2	3	14	4
	6	7	8	0	20
	16	12	13	9	10
	11	17	18	19	15
	22	21	23	24	5
Step 355 leads to...
	1	2	3	14	4
	6	7	8	9	20
	16	12	13	0	10
	11	17	18	19	15
	22	21	23	24	5
Step 356 leads to...
	1	2	3	14	4
	6	7	8	9	20
	16	12	13	10	0
	11	17	18	19	15
	22	21	23	24	5
Step 357 leads to...
	1	2	3	14	4
	6	7	8	9	0
	16	12	13	10	20
	11	17	18	19	15
	22	21	23	24	5
Step 358 leads to...
	1	2	3	14	4
	6	7	8	0	9
	16	12	13	10	20
	11	17	18	19	15
	22	21	23	24	5
Step 359 leads to...
	1	2	3	0	4
	6	7	8	14	9
	16	12	13	10	20
	11	17	18	19	15
	22	21	23	24	5
Step 360 leads to...
	1	2	3	4	0
	6	7	8	14	9
	16	12	13	10	20
	11	17	18	19	15
	22	21	23	24	5
Step 361 leads to...
	1	2	3	4	9
	6	7	8	14	0
	16	12	13	10	20
	11	17	18	19	15
	22	21	23	24	5
Step 362 leads to...
	1	2	3	4	9
	6	7	8	14	20
	16	12	13	10	0
	11	17	18	19	15
	22	21	23	24	5
Step 363 leads to...
	1	2	3	4	9
	6	7	8	14	20
	16	12	13	0	10
	11	17	18	19	15
	22	21	23	24	5
Step 364 leads to...
	1	2	3	4	9
	6	7	8	0	20
	16	12	13	14	10
	11	17	18	19	15
	22	21	23	24	5
Step 365 leads to...
	1	2	3	4	9
	6	7	8	20	0
	16	12	13	14	10
	11	17	18	19	15
	22	21	23	24	5
Step 366 leads to...
	1	2	3	4	9
	6	7	8	20	10
	16	12	13	14	0
	11	17	18	19	15
	22	21	23	24	5
Step 367 leads to...
	1	2	3	4	9
	6	7	8	20	10
	16	12	13	14	15
	11	17	18	19	0
	22	21	23	24	5
Step 368 leads to...
	1	2	3	4	9
	6	7	8	20	10
	16	12	13	14	15
	11	17	18	19	5
	22	21	23	24	0
Step 369 leads to...
	1	2	3	4	9
	6	7	8	20	10
	16	12	13	14	15
	11	17	18	19	5
	22	21	23	0	24
Step 370 leads to...
	1	2	3	4	9
	6	7	8	20	10
	16	12	13	14	15
	11	17	18	0	5
	22	21	23	19	24
Step 371 leads to...
	1	2	3	4	9
	6	7	8	20	10
	16	12	13	0	15
	11	17	18	14	5
	22	21	23	19	24
Step 372 leads to...
	1	2	3	4	9
	6	7	8	0	10
	16	12	13	20	15
	11	17	18	14	5
	22	21	23	19	24
Step 373 leads to...
	1	2	3	0	9
	6	7	8	4	10
	16	12	13	20	15
	11	17	18	14	5
	22	21	23	19	24
Step 374 leads to...
	1	2	3	9	0
	6	7	8	4	10
	16	12	13	20	15
	11	17	18	14	5
	22	21	23	19	24
Step 375 leads to...
	1	2	3	9	10
	6	7	8	4	0
	16	12	13	20	15
	11	17	18	14	5
	22	21	23	19	24
Step 376 leads to...
	1	2	3	9	10
	6	7	8	4	15
	16	12	13	20	0
	11	17	18	14	5
	22	21	23	19	24
Step 377 leads to...
	1	2	3	9	10
	6	7	8	4	15
	16	12	13	0	20
	11	17	18	14	5
	22	21	23	19	24
Step 378 leads to...
	1	2	3	9	10
	6	7	8	4	15
	16	12	13	14	20
	11	17	18	0	5
	22	21	23	19	24
Step 379 leads to...
	1	2	3	9	10
	6	7	8	4	15
	16	12	13	14	20
	11	17	18	19	5
	22	21	23	0	24
Step 380 leads to...
	1	2	3	9	10
	6	7	8	4	15
	16	12	13	14	20
	11	17	18	19	5
	22	21	23	24	0
Step 381 leads to...
	1	2	3	9	10
	6	7	8	4	15
	16	12	13	14	20
	11	17	18	19	0
	22	21	23	24	5
Step 382 leads to...
	1	2	3	9	10
	6	7	8	4	15
	16	12	13	14	0
	11	17	18	19	20
	22	21	23	24	5
Step 383 leads to...
	1	2	3	9	10
	6	7	8	4	0
	16	12	13	14	15
	11	17	18	19	20
	22	21	23	24	5
Step 384 leads to...
	1	2	3	9	0
	6	7	8	4	10
	16	12	13	14	15
	11	17	18	19	20
	22	21	23	24	5
Step 385 leads to...
	1	2	3	0	9
	6	7	8	4	10
	16	12	13	14	15
	11	17	18	19	20
	22	21	23	24	5
Step 386 leads to...
	1	2	3	4	9
	6	7	8	0	10
	16	12	13	14	15
	11	17	18	19	20
	22	21	23	24	5
Step 387 leads to...
	1	2	3	4	9
	6	7	8	14	10
	16	12	13	0	15
	11	17	18	19	20
	22	21	23	24	5
Step 388 leads to...
	1	2	3	4	9
	6	7	8	14	10
	16	12	13	15	0
	11	17	18	19	20
	22	21	23	24	5
Step 389 leads to...
	1	2	3	4	9
	6	7	8	14	0
	16	12	13	15	10
	11	17	18	19	20
	22	21	23	24	5
Step 390 leads to...
	1	2	3	4	0
	6	7	8	14	9
	16	12	13	15	10
	11	17	18	19	20
	22	21	23	24	5
Step 391 leads to...
	1	2	3	0	4
	6	7	8	14	9
	16	12	13	15	10
	11	17	18	19	20
	22	21	23	24	5
Step 392 leads to...
	1	2	3	14	4
	6	7	8	0	9
	16	12	13	15	10
	11	17	18	19	20
	22	21	23	24	5
Step 393 leads to...
	1	2	3	14	4
	6	7	8	9	0
	16	12	13	15	10
	11	17	18	19	20
	22	21	23	24	5
Step 394 leads to...
	1	2	3	14	4
	6	7	8	9	10
	16	12	13	15	0
	11	17	18	19	20
	22	21	23	24	5
Step 395 leads to...
	1	2	3	14	4
	6	7	8	9	10
	16	12	13	0	15
	11	17	18	19	20
	22	21	23	24	5
Step 396 leads to...
	1	2	3	14	4
	6	7	8	0	10
	16	12	13	9	15
	11	17	18	19	20
	22	21	23	24	5
Step 397 leads to...
	1	2	3	0	4
	6	7	8	14	10
	16	12	13	9	15
	11	17	18	19	20
	22	21	23	24	5
Step 398 leads to...
	1	2	0	3	4
	6	7	8	14	10
	16	12	13	9	15
	11	17	18	19	20
	22	21	23	24	5
Step 399 leads to...
	1	2	8	3	4
	6	7	0	14	10
	16	12	13	9	15
	11	17	18	19	20
	22	21	23	24	5
Step 400 leads to...
	1	2	8	3	4
	6	7	14	0	10
	16	12	13	9	15
	11	17	18	19	20
	22	21	23	24	5
Step 401 leads to...
	1	2	8	3	4
	6	7	14	9	10
	16	12	13	0	15
	11	17	18	19	20
	22	21	23	24	5
Step 402 leads to...
	1	2	8	3	4
	6	7	14	9	10
	16	12	0	13	15
	11	17	18	19	20
	22	21	23	24	5
Step 403 leads to...
	1	2	8	3	4
	6	7	0	9	10
	16	12	14	13	15
	11	17	18	19	20
	22	21	23	24	5
Step 404 leads to...
	1	2	0	3	4
	6	7	8	9	10
	16	12	14	13	15
	11	17	18	19	20
	22	21	23	24	5
Step 405 leads to...
	1	2	3	0	4
	6	7	8	9	10
	16	12	14	13	15
	11	17	18	19	20
	22	21	23	24	5
Step 406 leads to...
	1	2	3	4	0
	6	7	8	9	10
	16	12	14	13	15
	11	17	18	19	20
	22	21	23	24	5
Step 407 leads to...
	1	2	3	4	10
	6	7	8	9	0
	16	12	14	13	15
	11	17	18	19	20
	22	21	23	24	5
Step 408 leads to...
	1	2	3	4	10
	6	7	8	0	9
	16	12	14	13	15
	11	17	18	19	20
	22	21	23	24	5
Step 409 leads to...
	1	2	3	4	10
	6	7	8	13	9
	16	12	14	0	15
	11	17	18	19	20
	22	21	23	24	5
Step 410 leads to...
	1	2	3	4	10
	6	7	8	13	9
	16	12	0	14	15
	11	17	18	19	20
	22	21	23	24	5
Step 411 leads to...
	1	2	3	4	10
	6	7	8	13	9
	16	0	12	14	15
	11	17	18	19	20
	22	21	23	24	5
Step 412 leads to...
	1	2	3	4	10
	6	7	8	13	9
	0	16	12	14	15
	11	17	18	19	20
	22	21	23	24	5
Step 413 leads to...
	1	2	3	4	10
	6	7	8	13	9
	11	16	12	14	15
	0	17	18	19	20
	22	21	23	24	5
Step 414 leads to...
	1	2	3	4	10
	6	7	8	13	9
	11	16	12	14	15
	17	0	18	19	20
	22	21	23	24	5
Step 415 leads to...
	1	2	3	4	10
	6	7	8	13	9
	11	0	12	14	15
	17	16	18	19	20
	22	21	23	24	5
Step 416 leads to...
	1	2	3	4	10
	6	7	8	13	9
	11	12	0	14	15
	17	16	18	19	20
	22	21	23	24	5
Step 417 leads to...
	1	2	3	4	10
	6	7	0	13	9
	11	12	8	14	15
	17	16	18	19	20
	22	21	23	24	5
Step 418 leads to...
	1	2	3	4	10
	6	7	13	0	9
	11	12	8	14	15
	17	16	18	19	20
	22	21	23	24	5
Step 419 leads to...
	1	2	3	4	10
	6	7	13	9	0
	11	12	8	14	15
	17	16	18	19	20
	22	21	23	24	5
Step 420 leads to...
	1	2	3	4	0
	6	7	13	9	10
	11	12	8	14	15
	17	16	18	19	20
	22	21	23	24	5
Step 421 leads to...
	1	2	3	0	4
	6	7	13	9	10
	11	12	8	14	15
	17	16	18	19	20
	22	21	23	24	5
Step 422 leads to...
	1	2	3	9	4
	6	7	13	0	10
	11	12	8	14	15
	17	16	18	19	20
	22	21	23	24	5
Step 423 leads to...
	1	2	3	9	4
	6	7	0	13	10
	11	12	8	14	15
	17	16	18	19	20
	22	21	23	24	5
Step 424 leads to...
	1	2	3	9	4
	6	7	8	13	10
	11	12	0	14	15
	17	16	18	19	20
	22	21	23	24	5
Step 425 leads to...
	1	2	3	9	4
	6	7	8	13	10
	11	0	12	14	15
	17	16	18	19	20
	22	21	23	24	5
Step 426 leads to...
	1	2	3	9	4
	6	7	8	13	10
	11	16	12	14	15
	17	0	18	19	20
	22	21	23	24	5
Step 427 leads to...
	1	2	3	9	4
	6	7	8	13	10
	11	16	12	14	15
	0	17	18	19	20
	22	21	23	24	5
Step 428 leads to...
	1	2	3	9	4
	6	7	8	13	10
	11	16	12	14	15
	22	17	18	19	20
	0	21	23	24	5
Step 429 leads to...
	1	2	3	9	4
	6	7	8	13	10
	11	16	12	14	15
	22	17	18	19	20
	21	0	23	24	5
Step 430 leads to...
	1	2	3	9	4
	6	7	8	13	10
	11	16	12	14	15
	22	0	18	19	20
	21	17	23	24	5
Step 431 leads to...
	1	2	3	9	4
	6	7	8	13	10
	11	0	12	14	15
	22	16	18	19	20
	21	17	23	24	5
Step 432 leads to...
	1	2	3	9	4
	6	7	8	13	10
	11	12	0	14	15
	22	16	18	19	20
	21	17	23	24	5
Step 433 leads to...
	1	2	3	9	4
	6	7	8	13	10
	11	12	14	0	15
	22	16	18	19	20
	21	17	23	24	5
Step 434 leads to...
	1	2	3	9	4
	6	7	8	0	10
	11	12	14	13	15
	22	16	18	19	20
	21	17	23	24	5
Step 435 leads to...
	1	2	3	0	4
	6	7	8	9	10
	11	12	14	13	15
	22	16	18	19	20
	21	17	23	24	5
Step 436 leads to...
	1	2	3	4	0
	6	7	8	9	10
	11	12	14	13	15
	22	16	18	19	20
	21	17	23	24	5
Step 437 leads to...
	1	2	3	4	10
	6	7	8	9	0
	11	12	14	13	15
	22	16	18	19	20
	21	17	23	24	5
Step 438 leads to...
	1	2	3	4	10
	6	7	8	0	9
	11	12	14	13	15
	22	16	18	19	20
	21	17	23	24	5
Step 439 leads to...
	1	2	3	4	10
	6	7	8	13	9
	11	12	14	0	15
	22	16	18	19	20
	21	17	23	24	5
Step 440 leads to...
	1	2	3	4	10
	6	7	8	13	9
	11	12	0	14	15
	22	16	18	19	20
	21	17	23	24	5
Step 441 leads to...
	1	2	3	4	10
	6	7	8	13	9
	11	0	12	14	15
	22	16	18	19	20
	21	17	23	24	5
Step 442 leads to...
	1	2	3	4	10
	6	7	8	13	9
	11	16	12	14	15
	22	0	18	19	20
	21	17	23	24	5
Step 443 leads to...
	1	2	3	4	10
	6	7	8	13	9
	11	16	12	14	15
	0	22	18	19	20
	21	17	23	24	5
Step 444 leads to...
	1	2	3	4	10
	6	7	8	13	9
	0	16	12	14	15
	11	22	18	19	20
	21	17	23	24	5
Step 445 leads to...
	1	2	3	4	10
	6	7	8	13	9
	16	0	12	14	15
	11	22	18	19	20
	21	17	23	24	5
Step 446 leads to...
	1	2	3	4	10
	6	7	8	13	9
	16	12	0	14	15
	11	22	18	19	20
	21	17	23	24	5
Step 447 leads to...
	1	2	3	4	10
	6	7	8	13	9
	16	12	14	0	15
	11	22	18	19	20
	21	17	23	24	5
Step 448 leads to...
	1	2	3	4	10
	6	7	8	0	9
	16	12	14	13	15
	11	22	18	19	20
	21	17	23	24	5
Step 449 leads to...
	1	2	3	4	10
	6	7	8	9	0
	16	12	14	13	15
	11	22	18	19	20
	21	17	23	24	5
Step 450 leads to...
	1	2	3	4	0
	6	7	8	9	10
	16	12	14	13	15
	11	22	18	19	20
	21	17	23	24	5
Step 451 leads to...
	1	2	3	0	4
	6	7	8	9	10
	16	12	14	13	15
	11	22	18	19	20
	21	17	23	24	5
Step 452 leads to...
	1	2	0	3	4
	6	7	8	9	10
	16	12	14	13	15
	11	22	18	19	20
	21	17	23	24	5
Step 453 leads to...
	1	2	8	3	4
	6	7	0	9	10
	16	12	14	13	15
	11	22	18	19	20
	21	17	23	24	5
Step 454 leads to...
	1	2	8	3	4
	6	7	14	9	10
	16	12	0	13	15
	11	22	18	19	20
	21	17	23	24	5
Step 455 leads to...
	1	2	8	3	4
	6	7	14	9	10
	16	12	13	0	15
	11	22	18	19	20
	21	17	23	24	5
Step 456 leads to...
	1	2	8	3	4
	6	7	14	0	10
	16	12	13	9	15
	11	22	18	19	20
	21	17	23	24	5
Step 457 leads to...
	1	2	8	3	4
	6	7	0	14	10
	16	12	13	9	15
	11	22	18	19	20
	21	17	23	24	5
Step 458 leads to...
	1	2	0	3	4
	6	7	8	14	10
	16	12	13	9	15
	11	22	18	19	20
	21	17	23	24	5
Step 459 leads to...
	1	2	3	0	4
	6	7	8	14	10
	16	12	13	9	15
	11	22	18	19	20
	21	17	23	24	5
Step 460 leads to...
	1	2	3	4	0
	6	7	8	14	10
	16	12	13	9	15
	11	22	18	19	20
	21	17	23	24	5
Step 461 leads to...
	1	2	3	4	10
	6	7	8	14	0
	16	12	13	9	15
	11	22	18	19	20
	21	17	23	24	5
Step 462 leads to...
	1	2	3	4	10
	6	7	8	0	14
	16	12	13	9	15
	11	22	18	19	20
	21	17	23	24	5
Step 463 leads to...
	1	2	3	4	10
	6	7	8	9	14
	16	12	13	0	15
	11	22	18	19	20
	21	17	23	24	5
Step 464 leads to...
	1	2	3	4	10
	6	7	8	9	14
	16	12	13	15	0
	11	22	18	19	20
	21	17	23	24	5
Step 465 leads to...
	1	2	3	4	10
	6	7	8	9	0
	16	12	13	15	14
	11	22	18	19	20
	21	17	23	24	5
Step 466 leads to...
	1	2	3	4	0
	6	7	8	9	10
	16	12	13	15	14
	11	22	18	19	20
	21	17	23	24	5
Step 467 leads to...
	1	2	3	0	4
	6	7	8	9	10
	16	12	13	15	14
	11	22	18	19	20
	21	17	23	24	5
Step 468 leads to...
	1	2	3	9	4
	6	7	8	0	10
	16	12	13	15	14
	11	22	18	19	20
	21	17	23	24	5
Step 469 leads to...
	1	2	3	9	4
	6	7	8	15	10
	16	12	13	0	14
	11	22	18	19	20
	21	17	23	24	5
Step 470 leads to...
	1	2	3	9	4
	6	7	8	15	10
	16	12	13	14	0
	11	22	18	19	20
	21	17	23	24	5
Step 471 leads to...
	1	2	3	9	4
	6	7	8	15	0
	16	12	13	14	10
	11	22	18	19	20
	21	17	23	24	5
Step 472 leads to...
	1	2	3	9	4
	6	7	8	0	15
	16	12	13	14	10
	11	22	18	19	20
	21	17	23	24	5
Step 473 leads to...
	1	2	3	0	4
	6	7	8	9	15
	16	12	13	14	10
	11	22	18	19	20
	21	17	23	24	5
Step 474 leads to...
	1	2	3	4	0
	6	7	8	9	15
	16	12	13	14	10
	11	22	18	19	20
	21	17	23	24	5
Step 475 leads to...
	1	2	3	4	15
	6	7	8	9	0
	16	12	13	14	10
	11	22	18	19	20
	21	17	23	24	5
Step 476 leads to...
	1	2	3	4	15
	6	7	8	9	10
	16	12	13	14	0
	11	22	18	19	20
	21	17	23	24	5
Step 477 leads to...
	1	2	3	4	15
	6	7	8	9	10
	16	12	13	14	20
	11	22	18	19	0
	21	17	23	24	5
Step 478 leads to...
	1	2	3	4	15
	6	7	8	9	10
	16	12	13	14	20
	11	22	18	19	5
	21	17	23	24	0
Step 479 leads to...
	1	2	3	4	15
	6	7	8	9	10
	16	12	13	14	20
	11	22	18	19	5
	21	17	23	0	24
Step 480 leads to...
	1	2	3	4	15
	6	7	8	9	10
	16	12	13	14	20
	11	22	18	19	5
	21	17	0	23	24
Step 481 leads to...
	1	2	3	4	15
	6	7	8	9	10
	16	12	13	14	20
	11	22	18	19	5
	21	0	17	23	24
Step 482 leads to...
	1	2	3	4	15
	6	7	8	9	10
	16	12	13	14	20
	11	0	18	19	5
	21	22	17	23	24
Step 483 leads to...
	1	2	3	4	15
	6	7	8	9	10
	16	12	13	14	20
	11	18	0	19	5
	21	22	17	23	24
Step 484 leads to...
	1	2	3	4	15
	6	7	8	9	10
	16	12	13	14	20
	11	18	17	19	5
	21	22	0	23	24
Step 485 leads to...
	1	2	3	4	15
	6	7	8	9	10
	16	12	13	14	20
	11	18	17	19	5
	21	22	23	0	24
Step 486 leads to...
	1	2	3	4	15
	6	7	8	9	10
	16	12	13	14	20
	11	18	17	19	5
	21	22	23	24	0
Step 487 leads to...
	1	2	3	4	15
	6	7	8	9	10
	16	12	13	14	20
	11	18	17	19	0
	21	22	23	24	5
Step 488 leads to...
	1	2	3	4	15
	6	7	8	9	10
	16	12	13	14	0
	11	18	17	19	20
	21	22	23	24	5
Step 489 leads to...
	1	2	3	4	15
	6	7	8	9	10
	16	12	13	0	14
	11	18	17	19	20
	21	22	23	24	5
Step 490 leads to...
	1	2	3	4	15
	6	7	8	9	10
	16	12	0	13	14
	11	18	17	19	20
	21	22	23	24	5
Step 491 leads to...
	1	2	3	4	15
	6	7	8	9	10
	16	12	17	13	14
	11	18	0	19	20
	21	22	23	24	5
Step 492 leads to...
	1	2	3	4	15
	6	7	8	9	10
	16	12	17	13	14
	11	0	18	19	20
	21	22	23	24	5
Step 493 leads to...
	1	2	3	4	15
	6	7	8	9	10
	16	12	17	13	14
	0	11	18	19	20
	21	22	23	24	5
Step 494 leads to...
	1	2	3	4	15
	6	7	8	9	10
	0	12	17	13	14
	16	11	18	19	20
	21	22	23	24	5
Step 495 leads to...
	1	2	3	4	15
	6	7	8	9	10
	12	0	17	13	14
	16	11	18	19	20
	21	22	23	24	5
Step 496 leads to...
	1	2	3	4	15
	6	7	8	9	10
	12	17	0	13	14
	16	11	18	19	20
	21	22	23	24	5
Step 497 leads to...
	1	2	3	4	15
	6	7	8	9	10
	12	17	13	0	14
	16	11	18	19	20
	21	22	23	24	5
Step 498 leads to...
	1	2	3	4	15
	6	7	8	9	10
	12	17	13	14	0
	16	11	18	19	20
	21	22	23	24	5
Step 499 leads to...
	1	2	3	4	15
	6	7	8	9	0
	12	17	13	14	10
	16	11	18	19	20
	21	22	23	24	5
Step 500 leads to...
	1	2	3	4	0
	6	7	8	9	15
	12	17	13	14	10
	16	11	18	19	20
	21	22	23	24	5
Step 501 leads to...
	1	2	3	0	4
	6	7	8	9	15
	12	17	13	14	10
	16	11	18	19	20
	21	22	23	24	5
Step 502 leads to...
	1	2	3	9	4
	6	7	8	0	15
	12	17	13	14	10
	16	11	18	19	20
	21	22	23	24	5
Step 503 leads to...
	1	2	3	9	4
	6	7	8	15	0
	12	17	13	14	10
	16	11	18	19	20
	21	22	23	24	5
Step 504 leads to...
	1	2	3	9	4
	6	7	8	15	10
	12	17	13	14	0
	16	11	18	19	20
	21	22	23	24	5
Step 505 leads to...
	1	2	3	9	4
	6	7	8	15	10
	12	17	13	0	14
	16	11	18	19	20
	21	22	23	24	5
Step 506 leads to...
	1	2	3	9	4
	6	7	8	0	10
	12	17	13	15	14
	16	11	18	19	20
	21	22	23	24	5
Step 507 leads to...
	1	2	3	0	4
	6	7	8	9	10
	12	17	13	15	14
	16	11	18	19	20
	21	22	23	24	5
Step 508 leads to...
	1	2	3	4	0
	6	7	8	9	10
	12	17	13	15	14
	16	11	18	19	20
	21	22	23	24	5
Step 509 leads to...
	1	2	3	4	10
	6	7	8	9	0
	12	17	13	15	14
	16	11	18	19	20
	21	22	23	24	5
Step 510 leads to...
	1	2	3	4	10
	6	7	8	9	14
	12	17	13	15	0
	16	11	18	19	20
	21	22	23	24	5
Step 511 leads to...
	1	2	3	4	10
	6	7	8	9	14
	12	17	13	0	15
	16	11	18	19	20
	21	22	23	24	5
Step 512 leads to...
	1	2	3	4	10
	6	7	8	0	14
	12	17	13	9	15
	16	11	18	19	20
	21	22	23	24	5
Step 513 leads to...
	1	2	3	4	10
	6	7	8	14	0
	12	17	13	9	15
	16	11	18	19	20
	21	22	23	24	5
Step 514 leads to...
	1	2	3	4	0
	6	7	8	14	10
	12	17	13	9	15
	16	11	18	19	20
	21	22	23	24	5
Step 515 leads to...
	1	2	3	0	4
	6	7	8	14	10
	12	17	13	9	15
	16	11	18	19	20
	21	22	23	24	5
Step 516 leads to...
	1	2	3	14	4
	6	7	8	0	10
	12	17	13	9	15
	16	11	18	19	20
	21	22	23	24	5
Step 517 leads to...
	1	2	3	14	4
	6	7	8	9	10
	12	17	13	0	15
	16	11	18	19	20
	21	22	23	24	5
Step 518 leads to...
	1	2	3	14	4
	6	7	8	9	10
	12	17	0	13	15
	16	11	18	19	20
	21	22	23	24	5
Step 519 leads to...
	1	2	3	14	4
	6	7	8	9	10
	12	0	17	13	15
	16	11	18	19	20
	21	22	23	24	5
Step 520 leads to...
	1	2	3	14	4
	6	7	8	9	10
	12	11	17	13	15
	16	0	18	19	20
	21	22	23	24	5
Step 521 leads to...
	1	2	3	14	4
	6	7	8	9	10
	12	11	17	13	15
	16	18	0	19	20
	21	22	23	24	5
Step 522 leads to...
	1	2	3	14	4
	6	7	8	9	10
	12	11	0	13	15
	16	18	17	19	20
	21	22	23	24	5
Step 523 leads to...
	1	2	3	14	4
	6	7	8	9	10
	12	11	13	0	15
	16	18	17	19	20
	21	22	23	24	5
Step 524 leads to...
	1	2	3	14	4
	6	7	8	0	10
	12	11	13	9	15
	16	18	17	19	20
	21	22	23	24	5
Step 525 leads to...
	1	2	3	0	4
	6	7	8	14	10
	12	11	13	9	15
	16	18	17	19	20
	21	22	23	24	5
Step 526 leads to...
	1	2	3	4	0
	6	7	8	14	10
	12	11	13	9	15
	16	18	17	19	20
	21	22	23	24	5
Step 527 leads to...
	1	2	3	4	10
	6	7	8	14	0
	12	11	13	9	15
	16	18	17	19	20
	21	22	23	24	5
Step 528 leads to...
	1	2	3	4	10
	6	7	8	0	14
	12	11	13	9	15
	16	18	17	19	20
	21	22	23	24	5
Step 529 leads to...
	1	2	3	4	10
	6	7	8	9	14
	12	11	13	0	15
	16	18	17	19	20
	21	22	23	24	5
Step 530 leads to...
	1	2	3	4	10
	6	7	8	9	14
	12	11	13	15	0
	16	18	17	19	20
	21	22	23	24	5
Step 531 leads to...
	1	2	3	4	10
	6	7	8	9	0
	12	11	13	15	14
	16	18	17	19	20
	21	22	23	24	5
Step 532 leads to...
	1	2	3	4	0
	6	7	8	9	10
	12	11	13	15	14
	16	18	17	19	20
	21	22	23	24	5
Step 533 leads to...
	1	2	3	0	4
	6	7	8	9	10
	12	11	13	15	14
	16	18	17	19	20
	21	22	23	24	5
Step 534 leads to...
	1	2	3	9	4
	6	7	8	0	10
	12	11	13	15	14
	16	18	17	19	20
	21	22	23	24	5
Step 535 leads to...
	1	2	3	9	4
	6	7	8	15	10
	12	11	13	0	14
	16	18	17	19	20
	21	22	23	24	5
Step 536 leads to...
	1	2	3	9	4
	6	7	8	15	10
	12	11	13	14	0
	16	18	17	19	20
	21	22	23	24	5
Step 537 leads to...
	1	2	3	9	4
	6	7	8	15	0
	12	11	13	14	10
	16	18	17	19	20
	21	22	23	24	5
Step 538 leads to...
	1	2	3	9	4
	6	7	8	0	15
	12	11	13	14	10
	16	18	17	19	20
	21	22	23	24	5
Step 539 leads to...
	1	2	3	0	4
	6	7	8	9	15
	12	11	13	14	10
	16	18	17	19	20
	21	22	23	24	5
Step 540 leads to...
	1	2	3	4	0
	6	7	8	9	15
	12	11	13	14	10
	16	18	17	19	20
	21	22	23	24	5
Step 541 leads to...
	1	2	3	4	15
	6	7	8	9	0
	12	11	13	14	10
	16	18	17	19	20
	21	22	23	24	5
Step 542 leads to...
	1	2	3	4	15
	6	7	8	9	10
	12	11	13	14	0
	16	18	17	19	20
	21	22	23	24	5
Step 543 leads to...
	1	2	3	4	15
	6	7	8	9	10
	12	11	13	14	20
	16	18	17	19	0
	21	22	23	24	5
Step 544 leads to...
	1	2	3	4	15
	6	7	8	9	10
	12	11	13	14	20
	16	18	17	19	5
	21	22	23	24	0
Step 545 leads to...
	1	2	3	4	15
	6	7	8	9	10
	12	11	13	14	20
	16	18	17	19	5
	21	22	23	0	24
Step 546 leads to...
	1	2	3	4	15
	6	7	8	9	10
	12	11	13	14	20
	16	18	17	19	5
	21	22	0	23	24
Step 547 leads to...
	1	2	3	4	15
	6	7	8	9	10
	12	11	13	14	20
	16	18	0	19	5
	21	22	17	23	24
Step 548 leads to...
	1	2	3	4	15
	6	7	8	9	10
	12	11	13	14	20
	16	0	18	19	5
	21	22	17	23	24
Step 549 leads to...
	1	2	3	4	15
	6	7	8	9	10
	12	11	13	14	20
	16	22	18	19	5
	21	0	17	23	24
Step 550 leads to...
	1	2	3	4	15
	6	7	8	9	10
	12	11	13	14	20
	16	22	18	19	5
	21	17	0	23	24
Step 551 leads to...
	1	2	3	4	15
	6	7	8	9	10
	12	11	13	14	20
	16	22	18	19	5
	21	17	23	0	24
Step 552 leads to...
	1	2	3	4	15
	6	7	8	9	10
	12	11	13	14	20
	16	22	18	0	5
	21	17	23	19	24
Step 553 leads to...
	1	2	3	4	15
	6	7	8	9	10
	12	11	13	14	20
	16	22	18	5	0
	21	17	23	19	24
Step 554 leads to...
	1	2	3	4	15
	6	7	8	9	10
	12	11	13	14	0
	16	22	18	5	20
	21	17	23	19	24
Step 555 leads to...
	1	2	3	4	15
	6	7	8	9	10
	12	11	13	0	14
	16	22	18	5	20
	21	17	23	19	24
Step 556 leads to...
	1	2	3	4	15
	6	7	8	9	10
	12	11	13	5	14
	16	22	18	0	20
	21	17	23	19	24
Step 557 leads to...
	1	2	3	4	15
	6	7	8	9	10
	12	11	13	5	14
	16	22	18	19	20
	21	17	23	0	24
Step 558 leads to...
	1	2	3	4	15
	6	7	8	9	10
	12	11	13	5	14
	16	22	18	19	20
	21	17	23	24	0
Step 559 leads to...
	1	2	3	4	15
	6	7	8	9	10
	12	11	13	5	14
	16	22	18	19	0
	21	17	23	24	20
Step 560 leads to...
	1	2	3	4	15
	6	7	8	9	10
	12	11	13	5	0
	16	22	18	19	14
	21	17	23	24	20
Step 561 leads to...
	1	2	3	4	15
	6	7	8	9	10
	12	11	13	0	5
	16	22	18	19	14
	21	17	23	24	20
Step 562 leads to...
	1	2	3	4	15
	6	7	8	9	10
	12	11	13	19	5
	16	22	18	0	14
	21	17	23	24	20
Step 563 leads to...
	1	2	3	4	15
	6	7	8	9	10
	12	11	13	19	5
	16	22	18	14	0
	21	17	23	24	20
Step 564 leads to...
	1	2	3	4	15
	6	7	8	9	10
	12	11	13	19	5
	16	22	18	14	20
	21	17	23	24	0
Step 565 leads to...
	1	2	3	4	15
	6	7	8	9	10
	12	11	13	19	5
	16	22	18	14	20
	21	17	23	0	24
Step 566 leads to...
	1	2	3	4	15
	6	7	8	9	10
	12	11	13	19	5
	16	22	18	0	20
	21	17	23	14	24
Step 567 leads to...
	1	2	3	4	15
	6	7	8	9	10
	12	11	13	0	5
	16	22	18	19	20
	21	17	23	14	24
Step 568 leads to...
	1	2	3	4	15
	6	7	8	9	10
	12	11	13	5	0
	16	22	18	19	20
	21	17	23	14	24
Step 569 leads to...
	1	2	3	4	15
	6	7	8	9	0
	12	11	13	5	10
	16	22	18	19	20
	21	17	23	14	24
Step 570 leads to...
	1	2	3	4	0
	6	7	8	9	15
	12	11	13	5	10
	16	22	18	19	20
	21	17	23	14	24
Step 571 leads to...
	1	2	3	0	4
	6	7	8	9	15
	12	11	13	5	10
	16	22	18	19	20
	21	17	23	14	24
Step 572 leads to...
	1	2	3	9	4
	6	7	8	0	15
	12	11	13	5	10
	16	22	18	19	20
	21	17	23	14	24
Step 573 leads to...
	1	2	3	9	4
	6	7	8	5	15
	12	11	13	0	10
	16	22	18	19	20
	21	17	23	14	24
Step 574 leads to...
	1	2	3	9	4
	6	7	8	5	15
	12	11	13	10	0
	16	22	18	19	20
	21	17	23	14	24
Step 575 leads to...
	1	2	3	9	4
	6	7	8	5	0
	12	11	13	10	15
	16	22	18	19	20
	21	17	23	14	24
Step 576 leads to...
	1	2	3	9	4
	6	7	8	0	5
	12	11	13	10	15
	16	22	18	19	20
	21	17	23	14	24
Step 577 leads to...
	1	2	3	0	4
	6	7	8	9	5
	12	11	13	10	15
	16	22	18	19	20
	21	17	23	14	24
Step 578 leads to...
	1	2	3	4	0
	6	7	8	9	5
	12	11	13	10	15
	16	22	18	19	20
	21	17	23	14	24
Step 579 leads to...
	1	2	3	4	5
	6	7	8	9	0
	12	11	13	10	15
	16	22	18	19	20
	21	17	23	14	24
Step 580 leads to...
	1	2	3	4	5
	6	7	8	0	9
	12	11	13	10	15
	16	22	18	19	20
	21	17	23	14	24
Step 581 leads to...
	1	2	3	4	5
	6	7	8	10	9
	12	11	13	0	15
	16	22	18	19	20
	21	17	23	14	24
Step 582 leads to...
	1	2	3	4	5
	6	7	8	10	9
	12	11	13	19	15
	16	22	18	0	20
	21	17	23	14	24
Step 583 leads to...
	1	2	3	4	5
	6	7	8	10	9
	12	11	13	19	15
	16	22	18	14	20
	21	17	23	0	24
Step 584 leads to...
	1	2	3	4	5
	6	7	8	10	9
	12	11	13	19	15
	16	22	18	14	20
	21	17	23	24	0
Step 585 leads to...
	1	2	3	4	5
	6	7	8	10	9
	12	11	13	19	15
	16	22	18	14	0
	21	17	23	24	20
Step 586 leads to...
	1	2	3	4	5
	6	7	8	10	9
	12	11	13	19	15
	16	22	18	0	14
	21	17	23	24	20
Step 587 leads to...
	1	2	3	4	5
	6	7	8	10	9
	12	11	13	0	15
	16	22	18	19	14
	21	17	23	24	20
Step 588 leads to...
	1	2	3	4	5
	6	7	8	10	9
	12	11	13	15	0
	16	22	18	19	14
	21	17	23	24	20
Step 589 leads to...
	1	2	3	4	5
	6	7	8	10	9
	12	11	13	15	14
	16	22	18	19	0
	21	17	23	24	20
Step 590 leads to...
	1	2	3	4	5
	6	7	8	10	9
	12	11	13	15	14
	16	22	18	19	20
	21	17	23	24	0
Step 591 leads to...
	1	2	3	4	5
	6	7	8	10	9
	12	11	13	15	14
	16	22	18	19	20
	21	17	23	0	24
Step 592 leads to...
	1	2	3	4	5
	6	7	8	10	9
	12	11	13	15	14
	16	22	18	19	20
	21	17	0	23	24
Step 593 leads to...
	1	2	3	4	5
	6	7	8	10	9
	12	11	13	15	14
	16	22	18	19	20
	21	0	17	23	24
Step 594 leads to...
	1	2	3	4	5
	6	7	8	10	9
	12	11	13	15	14
	16	0	18	19	20
	21	22	17	23	24
Step 595 leads to...
	1	2	3	4	5
	6	7	8	10	9
	12	11	13	15	14
	16	18	0	19	20
	21	22	17	23	24
Step 596 leads to...
	1	2	3	4	5
	6	7	8	10	9
	12	11	13	15	14
	16	18	17	19	20
	21	22	0	23	24
Step 597 leads to...
	1	2	3	4	5
	6	7	8	10	9
	12	11	13	15	14
	16	18	17	19	20
	21	22	23	0	24
Step 598 leads to...
	1	2	3	4	5
	6	7	8	10	9
	12	11	13	15	14
	16	18	17	19	20
	21	22	23	24	0
Step 599 leads to...
	1	2	3	4	5
	6	7	8	10	9
	12	11	13	15	14
	16	18	17	19	0
	21	22	23	24	20
Step 600 leads to...
	1	2	3	4	5
	6	7	8	10	9
	12	11	13	15	0
	16	18	17	19	14
	21	22	23	24	20
Step 601 leads to...
	1	2	3	4	5
	6	7	8	10	9
	12	11	13	0	15
	16	18	17	19	14
	21	22	23	24	20
Step 602 leads to...
	1	2	3	4	5
	6	7	8	0	9
	12	11	13	10	15
	16	18	17	19	14
	21	22	23	24	20
Step 603 leads to...
	1	2	3	4	5
	6	7	8	9	0
	12	11	13	10	15
	16	18	17	19	14
	21	22	23	24	20
Step 604 leads to...
	1	2	3	4	5
	6	7	8	9	15
	12	11	13	10	0
	16	18	17	19	14
	21	22	23	24	20
Step 605 leads to...
	1	2	3	4	5
	6	7	8	9	15
	12	11	13	0	10
	16	18	17	19	14
	21	22	23	24	20
Step 606 leads to...
	1	2	3	4	5
	6	7	8	9	15
	12	11	13	19	10
	16	18	17	0	14
	21	22	23	24	20
Step 607 leads to...
	1	2	3	4	5
	6	7	8	9	15
	12	11	13	19	10
	16	18	17	14	0
	21	22	23	24	20
Step 608 leads to...
	1	2	3	4	5
	6	7	8	9	15
	12	11	13	19	10
	16	18	17	14	20
	21	22	23	24	0
Step 609 leads to...
	1	2	3	4	5
	6	7	8	9	15
	12	11	13	19	10
	16	18	17	14	20
	21	22	23	0	24
Step 610 leads to...
	1	2	3	4	5
	6	7	8	9	15
	12	11	13	19	10
	16	18	17	0	20
	21	22	23	14	24
Step 611 leads to...
	1	2	3	4	5
	6	7	8	9	15
	12	11	13	0	10
	16	18	17	19	20
	21	22	23	14	24
Step 612 leads to...
	1	2	3	4	5
	6	7	8	9	15
	12	11	0	13	10
	16	18	17	19	20
	21	22	23	14	24
Step 613 leads to...
	1	2	3	4	5
	6	7	8	9	15
	12	11	17	13	10
	16	18	0	19	20
	21	22	23	14	24
Step 614 leads to...
	1	2	3	4	5
	6	7	8	9	15
	12	11	17	13	10
	16	0	18	19	20
	21	22	23	14	24
Step 615 leads to...
	1	2	3	4	5
	6	7	8	9	15
	12	0	17	13	10
	16	11	18	19	20
	21	22	23	14	24
Step 616 leads to...
	1	2	3	4	5
	6	7	8	9	15
	12	17	0	13	10
	16	11	18	19	20
	21	22	23	14	24
Step 617 leads to...
	1	2	3	4	5
	6	7	8	9	15
	12	17	13	0	10
	16	11	18	19	20
	21	22	23	14	24
Step 618 leads to...
	1	2	3	4	5
	6	7	8	9	15
	12	17	13	19	10
	16	11	18	0	20
	21	22	23	14	24
Step 619 leads to...
	1	2	3	4	5
	6	7	8	9	15
	12	17	13	19	10
	16	11	18	14	20
	21	22	23	0	24
Step 620 leads to...
	1	2	3	4	5
	6	7	8	9	15
	12	17	13	19	10
	16	11	18	14	20
	21	22	23	24	0
Step 621 leads to...
	1	2	3	4	5
	6	7	8	9	15
	12	17	13	19	10
	16	11	18	14	0
	21	22	23	24	20
Step 622 leads to...
	1	2	3	4	5
	6	7	8	9	15
	12	17	13	19	10
	16	11	18	0	14
	21	22	23	24	20
Step 623 leads to...
	1	2	3	4	5
	6	7	8	9	15
	12	17	13	0	10
	16	11	18	19	14
	21	22	23	24	20
Step 624 leads to...
	1	2	3	4	5
	6	7	8	9	15
	12	17	13	10	0
	16	11	18	19	14
	21	22	23	24	20
Step 625 leads to...
	1	2	3	4	5
	6	7	8	9	15
	12	17	13	10	14
	16	11	18	19	0
	21	22	23	24	20
Step 626 leads to...
	1	2	3	4	5
	6	7	8	9	15
	12	17	13	10	14
	16	11	18	0	19
	21	22	23	24	20
Step 627 leads to...
	1	2	3	4	5
	6	7	8	9	15
	12	17	13	0	14
	16	11	18	10	19
	21	22	23	24	20
Step 628 leads to...
	1	2	3	4	5
	6	7	8	9	15
	12	17	13	14	0
	16	11	18	10	19
	21	22	23	24	20
Step 629 leads to...
	1	2	3	4	5
	6	7	8	9	0
	12	17	13	14	15
	16	11	18	10	19
	21	22	23	24	20
Step 630 leads to...
	1	2	3	4	5
	6	7	8	0	9
	12	17	13	14	15
	16	11	18	10	19
	21	22	23	24	20
Step 631 leads to...
	1	2	3	4	5
	6	7	8	14	9
	12	17	13	0	15
	16	11	18	10	19
	21	22	23	24	20
Step 632 leads to...
	1	2	3	4	5
	6	7	8	14	9
	12	17	13	10	15
	16	11	18	0	19
	21	22	23	24	20
Step 633 leads to...
	1	2	3	4	5
	6	7	8	14	9
	12	17	13	10	15
	16	11	18	19	0
	21	22	23	24	20
Step 634 leads to...
	1	2	3	4	5
	6	7	8	14	9
	12	17	13	10	0
	16	11	18	19	15
	21	22	23	24	20
Step 635 leads to...
	1	2	3	4	5
	6	7	8	14	9
	12	17	13	0	10
	16	11	18	19	15
	21	22	23	24	20
Step 636 leads to...
	1	2	3	4	5
	6	7	8	0	9
	12	17	13	14	10
	16	11	18	19	15
	21	22	23	24	20
Step 637 leads to...
	1	2	3	4	5
	6	7	8	9	0
	12	17	13	14	10
	16	11	18	19	15
	21	22	23	24	20
Step 638 leads to...
	1	2	3	4	5
	6	7	8	9	10
	12	17	13	14	0
	16	11	18	19	15
	21	22	23	24	20
Step 639 leads to...
	1	2	3	4	5
	6	7	8	9	10
	12	17	13	14	15
	16	11	18	19	0
	21	22	23	24	20
Step 640 leads to...
	1	2	3	4	5
	6	7	8	9	10
	12	17	13	14	15
	16	11	18	0	19
	21	22	23	24	20
Step 641 leads to...
	1	2	3	4	5
	6	7	8	9	10
	12	17	13	0	15
	16	11	18	14	19
	21	22	23	24	20
Step 642 leads to...
	1	2	3	4	5
	6	7	8	9	10
	12	17	0	13	15
	16	11	18	14	19
	21	22	23	24	20
Step 643 leads to...
	1	2	3	4	5
	6	7	8	9	10
	12	0	17	13	15
	16	11	18	14	19
	21	22	23	24	20
Step 644 leads to...
	1	2	3	4	5
	6	7	8	9	10
	12	11	17	13	15
	16	0	18	14	19
	21	22	23	24	20
Step 645 leads to...
	1	2	3	4	5
	6	7	8	9	10
	12	11	17	13	15
	16	18	0	14	19
	21	22	23	24	20
Step 646 leads to...
	1	2	3	4	5
	6	7	8	9	10
	12	11	0	13	15
	16	18	17	14	19
	21	22	23	24	20
Step 647 leads to...
	1	2	3	4	5
	6	7	8	9	10
	12	11	13	0	15
	16	18	17	14	19
	21	22	23	24	20
Step 648 leads to...
	1	2	3	4	5
	6	7	8	9	10
	12	11	13	14	15
	16	18	17	0	19
	21	22	23	24	20
Step 649 leads to...
	1	2	3	4	5
	6	7	8	9	10
	12	11	13	14	15
	16	18	17	19	0
	21	22	23	24	20
Step 650 leads to...
	1	2	3	4	5
	6	7	8	9	10
	12	11	13	14	15
	16	18	17	19	20
	21	22	23	24	0
Step 651 leads to...
	1	2	3	4	5
	6	7	8	9	10
	12	11	13	14	15
	16	18	17	19	20
	21	22	23	0	24
Step 652 leads to...
	1	2	3	4	5
	6	7	8	9	10
	12	11	13	14	15
	16	18	17	19	20
	21	22	0	23	24
Step 653 leads to...
	1	2	3	4	5
	6	7	8	9	10
	12	11	13	14	15
	16	18	0	19	20
	21	22	17	23	24
Step 654 leads to...
	1	2	3	4	5
	6	7	8	9	10
	12	11	13	14	15
	16	0	18	19	20
	21	22	17	23	24
Step 655 leads to...
	1	2	3	4	5
	6	7	8	9	10
	12	11	13	14	15
	16	22	18	19	20
	21	0	17	23	24
Step 656 leads to...
	1	2	3	4	5
	6	7	8	9	10
	12	11	13	14	15
	16	22	18	19	20
	21	17	0	23	24
Step 657 leads to...
	1	2	3	4	5
	6	7	8	9	10
	12	11	13	14	15
	16	22	18	19	20
	21	17	23	0	24
Step 658 leads to...
	1	2	3	4	5
	6	7	8	9	10
	12	11	13	14	15
	16	22	18	0	20
	21	17	23	19	24
Step 659 leads to...
	1	2	3	4	5
	6	7	8	9	10
	12	11	13	14	15
	16	22	0	18	20
	21	17	23	19	24
Step 660 leads to...
	1	2	3	4	5
	6	7	8	9	10
	12	11	13	14	15
	16	0	22	18	20
	21	17	23	19	24
Step 661 leads to...
	1	2	3	4	5
	6	7	8	9	10
	12	11	13	14	15
	16	17	22	18	20
	21	0	23	19	24
Step 662 leads to...
	1	2	3	4	5
	6	7	8	9	10
	12	11	13	14	15
	16	17	22	18	20
	21	23	0	19	24
Step 663 leads to...
	1	2	3	4	5
	6	7	8	9	10
	12	11	13	14	15
	16	17	0	18	20
	21	23	22	19	24
Step 664 leads to...
	1	2	3	4	5
	6	7	8	9	10
	12	11	13	14	15
	16	17	18	0	20
	21	23	22	19	24
Step 665 leads to...
	1	2	3	4	5
	6	7	8	9	10
	12	11	13	14	15
	16	17	18	19	20
	21	23	22	0	24
Step 666 leads to...
	1	2	3	4	5
	6	7	8	9	10
	12	11	13	14	15
	16	17	18	19	20
	21	23	0	22	24
Step 667 leads to...
	1	2	3	4	5
	6	7	8	9	10
	12	11	13	14	15
	16	17	18	19	20
	21	0	23	22	24
Step 668 leads to...
	1	2	3	4	5
	6	7	8	9	10
	12	11	13	14	15
	16	17	18	19	20
	0	21	23	22	24
Step 669 leads to...
	1	2	3	4	5
	6	7	8	9	10
	12	11	13	14	15
	0	17	18	19	20
	16	21	23	22	24
Step 670 leads to...
	1	2	3	4	5
	6	7	8	9	10
	0	11	13	14	15
	12	17	18	19	20
	16	21	23	22	24
Step 671 leads to...
	1	2	3	4	5
	6	7	8	9	10
	11	0	13	14	15
	12	17	18	19	20
	16	21	23	22	24
Step 672 leads to...
	1	2	3	4	5
	6	7	8	9	10
	11	17	13	14	15
	12	0	18	19	20
	16	21	23	22	24
Step 673 leads to...
	1	2	3	4	5
	6	7	8	9	10
	11	17	13	14	15
	0	12	18	19	20
	16	21	23	22	24
Step 674 leads to...
	1	2	3	4	5
	6	7	8	9	10
	11	17	13	14	15
	16	12	18	19	20
	0	21	23	22	24
Step 675 leads to...
	1	2	3	4	5
	6	7	8	9	10
	11	17	13	14	15
	16	12	18	19	20
	21	0	23	22	24
Step 676 leads to...
	1	2	3	4	5
	6	7	8	9	10
	11	17	13	14	15
	16	12	18	19	20
	21	23	0	22	24
Step 677 leads to...
	1	2	3	4	5
	6	7	8	9	10
	11	17	13	14	15
	16	12	18	19	20
	21	23	22	0	24
Step 678 leads to...
	1	2	3	4	5
	6	7	8	9	10
	11	17	13	14	15
	16	12	18	0	20
	21	23	22	19	24
Step 679 leads to...
	1	2	3	4	5
	6	7	8	9	10
	11	17	13	14	15
	16	12	0	18	20
	21	23	22	19	24
Step 680 leads to...
	1	2	3	4	5
	6	7	8	9	10
	11	17	13	14	15
	16	12	22	18	20
	21	23	0	19	24
Step 681 leads to...
	1	2	3	4	5
	6	7	8	9	10
	11	17	13	14	15
	16	12	22	18	20
	21	0	23	19	24
Step 682 leads to...
	1	2	3	4	5
	6	7	8	9	10
	11	17	13	14	15
	16	0	22	18	20
	21	12	23	19	24
Step 683 leads to...
	1	2	3	4	5
	6	7	8	9	10
	11	17	13	14	15
	16	22	0	18	20
	21	12	23	19	24
Step 684 leads to...
	1	2	3	4	5
	6	7	8	9	10
	11	17	13	14	15
	16	22	18	0	20
	21	12	23	19	24
Step 685 leads to...
	1	2	3	4	5
	6	7	8	9	10
	11	17	13	14	15
	16	22	18	19	20
	21	12	23	0	24
Step 686 leads to...
	1	2	3	4	5
	6	7	8	9	10
	11	17	13	14	15
	16	22	18	19	20
	21	12	0	23	24
Step 687 leads to...
	1	2	3	4	5
	6	7	8	9	10
	11	17	13	14	15
	16	22	18	19	20
	21	0	12	23	24
Step 688 leads to...
	1	2	3	4	5
	6	7	8	9	10
	11	17	13	14	15
	16	0	18	19	20
	21	22	12	23	24
Step 689 leads to...
	1	2	3	4	5
	6	7	8	9	10
	11	0	13	14	15
	16	17	18	19	20
	21	22	12	23	24
Step 690 leads to...
	1	2	3	4	5
	6	7	8	9	10
	11	13	0	14	15
	16	17	18	19	20
	21	22	12	23	24
Step 691 leads to...
	1	2	3	4	5
	6	7	8	9	10
	11	13	18	14	15
	16	17	0	19	20
	21	22	12	23	24
Step 692 leads to...
	1	2	3	4	5
	6	7	8	9	10
	11	13	18	14	15
	16	17	12	19	20
	21	22	0	23	24
Step 693 leads to...
	1	2	3	4	5
	6	7	8	9	10
	11	13	18	14	15
	16	17	12	19	20
	21	0	22	23	24
Step 694 leads to...
	1	2	3	4	5
	6	7	8	9	10
	11	13	18	14	15
	16	0	12	19	20
	21	17	22	23	24
Step 695 leads to...
	1	2	3	4	5
	6	7	8	9	10
	11	13	18	14	15
	16	12	0	19	20
	21	17	22	23	24
Step 696 leads to...
	1	2	3	4	5
	6	7	8	9	10
	11	13	0	14	15
	16	12	18	19	20
	21	17	22	23	24
Step 697 leads to...
	1	2	3	4	5
	6	7	8	9	10
	11	0	13	14	15
	16	12	18	19	20
	21	17	22	23	24
Step 698 leads to...
	1	2	3	4	5
	6	7	8	9	10
	11	12	13	14	15
	16	0	18	19	20
	21	17	22	23	24
Step 699 leads to...
	1	2	3	4	5
	6	7	8	9	10
	11	12	13	14	15
	16	17	18	19	20
	21	0	22	23	24
Step 700 leads to...
	1	2	3	4	5
	6	7	8	9	10
	11	12	13	14	15
	16	17	18	19	20
	21	22	0	23	24
Step 701 leads to...
	1	2	3	4	5
	6	7	8	9	10
	11	12	13	14	15
	16	17	18	19	20
	21	22	23	0	24
Step 702 leads to...
	1	2	3	4	5
	6	7	8	9	10
	11	12	13	14	15
	16	17	18	19	20
	21	22	23	24	0
